{E0: 0.3832628182038871, E1: -0.3458122896508154, E2: -0.5075542325841392, E3: -1.1000000000039272,
  Z0_p: 0.2729103488544992, Z0_s: 0.002293326345572197, Z1_p: -0.03544787962174797,
  Z1_s: 0.0005613105261078307, Z2_p: 0.1681773584321714, Z2_s: 0.000568787542336493,
  Z3_p: 9.544521246364755e-07, Z3_s: 6.832512613985334e-09}
