{E0: 0.40249742111343867, E1: -2.522463114446398, E2: -0.7062931829725472, E3: -0.8878626076997932,
  Z0_p: 0.2628866449505089, Z0_s: 0.0021880138474020035, Z1_p: 0.003146210181700908,
  Z1_s: 0.0001366108494761765, Z2_p: 0.08736415595218813, Z2_s: 0.0002661010572395955,
  Z3_p: -0.07719235406128777, Z3_s: 4.585713521493937e-05}
