{E0: 0.24121045746658107, E1: -1.5839707255603828, E2: -1.5420408346133394, E3: -0.07357380265707066,
  Z0_p: 0.12067890218639697, Z0_s: 2.2853017553749998e-05, Z1_p: 0.017004267149501914,
  Z1_s: 6.491801062935346e-06, Z2_p: 0.1377040945765968, Z2_s: 4.088840801948131e-06,
  Z3_p: 0.013654526059006357, Z3_s: 2.2815384222088706e-05}
