{E0: 0.5820433663328886, E1: -0.15219954857626883, G1_G1_C0ps: 8.343936881154372e-07,
  G1_G1_C0ss: 3.6024052882055276e-10, G1_G1_C1ps: -1.817942677890266e-07, G1_G1_C1ss: 6.999659158116455e-10,
  G1_G1_D0ps: 3.177815621003448e-05, G1_G1_D0ss: -1.4216525322266407e-08, G1_G1_D1ps: -4.176918548466879e-06,
  G1_G1_D1ss: -1.505925033407742e-08, G1_Z0p: 0.005646174615866595, G1_Z0s: 2.435687011496052e-05,
  G1_Z1p: -0.0006759050097223669, G1_Z1s: 3.1606600793132395e-05, gA00: 1.342378756169462,
  gA10: 1.4777824906710995, gA11: -0.26773352452529836, gV00: 1.0165039843889014,
  gV10: 0.13617517934581302, gV11: 1.126944091889455}
