{E0: 0.4924054702738741, E1: -0.8953256661155228, G1_G1_C0ps: 3.087812018152978e-08,
  G1_G1_C0ss: 3.9153563000029644e-10, G1_G1_C1ps: -4.1136536500936485e-10, G1_G1_C1ss: 2.5719110161008273e-11,
  G1_G1_D0ps: -6.17027274676265e-08, G1_G1_D0ss: -4.6523455888736727e-10, G1_G1_D1ps: 1.4846982348990556e-08,
  G1_G1_D1ss: -4.1600973985319987e-10, G1_Z0p: 0.0022896362328743173, G1_Z0s: 2.1661591693917635e-05,
  G1_Z1p: 0.0030733608106185495, G1_Z1s: 1.2656270541236622e-05, gA00: 1.2658352770901171,
  gA10: -0.010880265195202727, gA11: 1.5481165456125792, gV00: 1.0238141884568248,
  gV10: -0.06554662749244189, gV11: 1.058012679384903}
