{E0: 0.5685472246985006, E1: -0.2273486871573164, G1_G1_C0ps: 7.804692246900016e-08,
  G1_G1_C0ss: 3.0101197403654364e-10, G1_G1_C1ps: -1.0150349117513022e-09, G1_G1_C1ss: -9.22512239563682e-11,
  G1_G1_D0ps: 2.0689648390559774e-08, G1_G1_D0ss: 6.249339626224821e-10, G1_G1_D1ps: 2.486445333262885e-07,
  G1_G1_D1ss: 1.573282270820121e-09, G1_Z0p: 0.0052031577446628625, G1_Z0s: 2.30664011776472e-05,
  G1_Z1p: 0.021353476747980216, G1_Z1s: 5.296924887492713e-05, gA00: 1.3879742170853218,
  gA10: -0.09869555311370114, gA11: 1.5106245427744223, gV00: 1.023585126146293, gV10: -0.07534094535685494,
  gV11: 1.1085384961727316}
