{E0: 0.44528532269686716, E1: -0.7339049937814965, G1_G1_C0ps: 1.8630847964232116e-08,
  G1_G1_C0ss: 1.0624064745523504e-10, G1_G1_C1ps: 6.320195934211136e-10, G1_G1_C1ss: -7.46357686263521e-12,
  G1_G1_D0ps: -4.1541842482968034e-08, G1_G1_D0ss: -1.0632306593901249e-10, G1_G1_D1ps: 5.327874774211085e-09,
  G1_G1_D1ss: -1.1203404817168374e-10, G1_Z0p: 0.00198726455119391, G1_Z0s: 1.1635633009986853e-05,
  G1_Z1p: 0.004708000205809018, G1_Z1s: 1.063947523600483e-05, gA00: 1.277339965127806,
  gA10: 0.09229327004602714, gA11: 1.347796307714807, gV00: 1.0216270079854968, gV10: -0.09436705819228938,
  gV11: 1.001128546338641}
