{E0: 0.681962348191295, E1: -0.26045871637119083, G1_G1_C0ps: 1.3421004958985268e-05,
  G1_G1_C0ss: 2.436015026588901e-05, G1_G1_C1ps: 1.007870461447062e-05, G1_G1_C1ss: -1.7094721228579668e-08,
  G1_G1_D0ps: -4.887847704050087e-06, G1_G1_D0ss: -1.4797145585516731e-05, G1_G1_D1ps: -3.6535554164825035e-06,
  G1_G1_D1ss: -3.8682660539470216e-08, G1_Z0p: 0.005892249231950958, G1_Z0s: 0.00024745311620030347,
  G1_Z1p: -1.257600051983298, G1_Z1s: 8.688975356877965e-11, gA00: 1.255341741061684,
  gA10: 0.006375808167722726, gA11: -11561.117519008492, gV00: 1.0176953276065146,
  gV10: -0.01864068263321589, gV11: -1774.191659906222}
