{E0: 0.5816972457328488, E1: -0.1655979875813744, G1_G1_C0ps: 3.7736954353692323e-06,
  G1_G1_C0ss: -1.215876057765441e-09, G1_G1_C1ps: -4.972738100671503e-07, G1_G1_C1ss: 8.998007067313384e-10,
  G1_G1_D0ps: -2.1979422127389282e-06, G1_G1_D0ss: 1.3014210388809565e-10, G1_G1_D1ps: 4.892519401459417e-07,
  G1_G1_D1ss: 9.164766686686679e-10, G1_Z0p: 0.0056424121769477874, G1_Z0s: 2.4323624745002426e-05,
  G1_Z1p: -0.0006001886706555116, G1_Z1s: 3.1311365537243695e-05, gA00: 1.3206908296907147,
  gA10: 0.1829493181018983, gA11: 0.3571208137977249, gV00: 1.0140092763827901, gV10: 0.5170275041384967,
  gV11: 0.5941899999831324}
