{E0: 0.44531892717793004, E1: -1.0054442520779823, G1_G1_C0ps: 1.9465428225460368e-08,
  G1_G1_C0ss: 1.8897277544980526e-10, G1_G1_C1ps: 1.0158164257036844e-09, G1_G1_C1ss: 1.4752585104236325e-11,
  G1_G1_D0ps: -2.915687239991903e-08, G1_G1_D0ss: 2.419883179598812e-10, G1_G1_D1ps: 1.4991592921790853e-08,
  G1_G1_D1ss: 3.541707712299085e-11, G1_Z0p: 0.00197735310261051, G1_Z0s: 1.1620796235229133e-05,
  G1_Z1p: 0.003178736700425743, G1_Z1s: 7.05311588016371e-06, gA00: 1.2743728148371873,
  gA10: -0.003595487299123269, gA11: 1.0733331695578838, gV00: 1.0203743218820007,
  gV10: -0.07253184484110031, gV11: 0.9732374610489831}
