{E0: 0.6835018558657233, E1: -0.7182897755651851, G1_G1_C0ps: 9.961501444977431e-07,
  G1_G1_C0ss: 5.021613837016509e-08, G1_G1_C1ps: 8.425624627356398e-09, G1_G1_C1ss: -5.833386817105059e-10,
  G1_G1_D0ps: -1.2860491288945997e-06, G1_G1_D0ss: -2.966879715285179e-08, G1_G1_D1ps: 6.260345564843856e-07,
  G1_G1_D1ss: -2.7883018874960727e-08, G1_Z0p: 0.005940247666977036, G1_Z0s: 0.00024854955033652986,
  G1_Z1p: 0.004459138284003808, G1_Z1s: 0.00015129264479874755, gA00: 1.2868120818472706,
  gA10: -0.042962948941849696, gA11: 2.252644392473727, gV00: 1.0210816685001762,
  gV10: -0.029481592604689966, gV11: 1.2549833022175076}
