{E0: 0.6878579261895302, E1: -0.6257607014480902, G1_G1_C0ps: 9.94433559394387e-07,
  G1_G1_C0ss: 5.03125293845176e-08, G1_G1_C1ps: 1.3476518390733492e-08, G1_G1_C1ss: -9.320386853989317e-10,
  G1_G1_D0ps: -1.2884283260190922e-06, G1_G1_D0ss: -2.963657181448259e-08, G1_G1_D1ps: 6.982935624291028e-07,
  G1_G1_D1ss: -3.0906265012514754e-08, G1_Z0p: 0.006047182659701977, G1_Z0s: 0.0002531801790633584,
  G1_Z1p: 0.004313445607888182, G1_Z1s: 0.00014660814702138932, gA00: 1.3168918208037326,
  gA10: -0.07850258730125292, gA11: 3.3660205726121815, gV00: 1.021582503944406, gV10: -0.0010048796504002551,
  gV11: 1.374606523214157}
