{E0: 0.6831416091684341, E1: -2.099056606355997, G1_G1_C0ps: -1.8158973860349386e-05,
  G1_G1_C0ss: -7.97686082826906e-05, G1_G1_C1ps: -6.801584473326207e-07, G1_G1_C1ss: -5.250318586575085e-10,
  G1_G1_D0ps: -9.724616860228624e-05, G1_G1_D0ss: 0.000583707746484489, G1_G1_D1ps: -9.705729235423408e-06,
  G1_G1_D1ss: 6.881824733433059e-08, G1_Z0p: 0.005927379689958996, G1_Z0s: 0.00024872454571671143,
  G1_Z1p: -0.05917743701646814, G1_Z1s: 4.836960941676064e-11, gA00: 1.3286589302554117,
  gA10: 0.09260889181410369, gA11: 43101.56311421015, gV00: 1.0185008125241348, gV10: 0.005282048148205132,
  gV11: 8386.798354153589}
