{E0: 0.6847972287987976, E1: -0.061779563988997255, G1_G1_C0ps: 1.0430776217960511e-05,
  G1_G1_C0ss: 6.825736778024763e-05, G1_G1_C1ps: 8.413126604414241e-06, G1_G1_C1ss: -3.2834998762268284e-08,
  G1_G1_D0ps: 1.3376630929161604e-05, G1_G1_D0ss: -0.0002183985335424049, G1_G1_D1ps: 2.2126842240851943e-05,
  G1_G1_D1ss: -5.413895827057067e-08, G1_Z0p: 0.00598113448244835, G1_Z0s: 0.00025097951069245363,
  G1_Z1p: -2.679048167028232, G1_Z1s: 7.066677418368791e-11, gA00: 1.2577994099947067,
  gA10: -0.025227084369039386, gA11: -24680.514106884104, gV00: 1.0179786904793242,
  gV10: -0.009449666850530308, gV11: -2937.296104979404}
