{E0: 0.49286496794199086, E1: -1.0810933231315598, G1_G1_C0ps: 3.1956795989288147e-07,
  G1_G1_C0ss: 6.119784065808111e-10, G1_G1_C1ps: 7.028056732606047e-08, G1_G1_C1ss: -3.4405987963161856e-10,
  G1_G1_D0ps: -8.029672335803327e-08, G1_G1_D0ss: -1.9685013693915297e-10, G1_G1_D1ps: 1.7169392671769316e-08,
  G1_G1_D1ss: -3.3979396162196685e-10, G1_Z0p: 0.0023027373894976316, G1_Z0s: 2.161974941497257e-05,
  G1_Z1p: 0.0016005024502071402, G1_Z1s: 1.3286344107144485e-05, gA00: 1.287333422446171,
  gA10: -0.08708095443532773, gA11: 1.8381153052636385, gV00: 1.027522270262253, gV10: -0.18270288272229956,
  gV11: 1.322286561528188}
