{E0: 0.6849491484808949, E1: -0.4686088928579304, G1_G1_C0ps: 1.0198523547099304e-06,
  G1_G1_C0ss: 4.772160988303715e-08, G1_G1_C1ps: 5.429416894600407e-09, G1_G1_C1ss: -3.6903300959168823e-10,
  G1_G1_D0ps: -1.6751333150652653e-06, G1_G1_D0ss: -3.4660446296693415e-07, G1_G1_D1ps: 1.0638787994978844e-06,
  G1_G1_D1ss: -1.335918247204943e-07, G1_Z0p: 0.005987781909084166, G1_Z0s: 0.0002509705106755322,
  G1_Z1p: 0.006628899268988725, G1_Z1s: 0.00015599821276730943, gA00: 1.2770817376900108,
  gA10: 0.21249772056167493, gA11: 2.5747666522157826, gV00: 1.0203216262098596, gV10: 0.00850145788333831,
  gV11: 1.319572679220425}
