{E0: 0.5729584747504809, E1: -0.3808169668372178, G1_G1_C0ps: 5.477013458817974e-08,
  G1_G1_C0ss: 2.3156557812722583e-10, G1_G1_C1ps: 2.5815875867182456e-08, G1_G1_C1ss: -4.981611282858102e-11,
  G1_G1_D0ps: 1.9462593251986298e-07, G1_G1_D0ss: 3.0078650061468204e-09, G1_G1_D1ps: 3.222715704030053e-08,
  G1_G1_D1ss: 1.7316104714771715e-09, G1_Z0p: 0.005337847480514404, G1_Z0s: 2.3540027249806573e-05,
  G1_Z1p: 0.011395127642997493, G1_Z1s: 2.7994891382608415e-05, gA00: 1.3800783979089448,
  gA10: -0.41141106213200423, gA11: 1.8342649726544444, gV00: 1.0139894448573967,
  gV10: 0.0016786204843727173, gV11: 1.110369148078512}
