{E0: 0.6859594340672039, E1: -0.3039996755021787, G1_G1_C0ps: -6.465870414880847e-05,
  G1_G1_C0ss: -0.00018701887790271017, G1_G1_C1ps: 1.5516398704515474e-05, G1_G1_C1ss: 4.1308735074137986e-10,
  G1_G1_D0ps: 6.257450924946537e-06, G1_G1_D0ss: -5.053538647740722e-05, G1_G1_D1ps: -5.852254982922661e-06,
  G1_G1_D1ss: -3.943680704142476e-08, G1_Z0p: 0.006023593164526944, G1_Z0s: 0.00025267001496619775,
  G1_Z1p: -1.277345415581357, G1_Z1s: 1.0010084677653246e-11, gA00: 1.253755017267639,
  gA10: 0.009763410363467801, gA11: -86223.0779908404, gV00: 1.0191565264663538, gV10: -0.026910135956232595,
  gV11: -29922.452415029416}
