{E0: 0.7155717145730643, E1: -1.0321285040973474, G1_G1_C0ps: 8.576630506699895e-07,
  G1_G1_C0ss: 3.3357874549697734e-08, G1_G1_C1ps: 6.303991015564207e-08, G1_G1_C1ss: 4.790230395052401e-10,
  G1_G1_D0ps: -3.600960624223677e-06, G1_G1_D0ss: -4.536434882559376e-08, G1_G1_D1ps: 1.18683138194558e-06,
  G1_G1_D1ss: -6.953136931851859e-09, G1_Z0p: 0.0063048345817071855, G1_Z0s: 0.0002568714896823266,
  G1_Z1p: -1.9061438695883503e-05, G1_Z1s: -9.626376520663169e-07, gA00: 1.2741011453836484,
  gA10: 0.037542171482202825, gA11: 16776.985775914753, gV00: 1.014346938534166, gV10: 0.06024323290872381,
  gV11: -2301.8637074790795}
