{E0: 0.5805146158635823, E1: -0.46766404792887833, G1_G1_C0ps: 3.2626254762752387e-07,
  G1_G1_C0ss: -1.96113595809507e-06, G1_G1_C1ps: 5.469741484618794e-07, G1_G1_C1ss: -2.8426535467840534e-10,
  G1_G1_D0ps: -2.450507068060698e-06, G1_G1_D0ss: 8.05961153481908e-06, G1_G1_D1ps: -9.323785465358689e-07,
  G1_G1_D1ss: -3.4136667505036864e-10, G1_Z0p: 0.005574109263152829, G1_Z0s: 2.4343148324622005e-05,
  G1_Z1p: 2.257409519570869, G1_Z1s: -7.740350856885385e-14, gA00: 1.3533639424380868,
  gA10: -0.00886726276990148, gA11: -491527.5067633527, gV00: 1.0087301153707933,
  gV10: 0.005222822380666364, gV11: 23561.290276014453}
