{E0: 0.6839701781215842, E1: -0.14981128555016116, G1_G1_C0ps: 1.013521334695728e-06,
  G1_G1_C0ss: 4.911360131440538e-08, G1_G1_C1ps: -1.421124902326529e-08, G1_G1_C1ss: 6.279191942275686e-10,
  G1_G1_D0ps: -1.4629591902801193e-06, G1_G1_D0ss: -2.0674058453355015e-08, G1_G1_D1ps: 4.865812797668819e-07,
  G1_G1_D1ss: -1.369037414017243e-08, G1_Z0p: 0.006015470264975225, G1_Z0s: 0.0002516752543375197,
  G1_Z1p: 0.00481722643410116, G1_Z1s: 0.0002990220741997752, gA00: 1.1926173301869467,
  gA10: 0.3388416435534893, gA11: 0.8217104212815283, gV00: 1.0171319444281126, gV10: -0.06253942984953473,
  gV11: 1.0461900985769625}
