{E0: 0.7112112839414135, E1: -0.5880778627946082, G1_G1_C0ps: 7.786747412708584e-06,
  G1_G1_C0ss: -5.155140229804043e-06, G1_G1_C1ps: 1.1927498381602391e-06, G1_G1_C1ss: -7.464872624405435e-09,
  G1_G1_D0ps: -6.216844841843362e-05, G1_G1_D0ss: -1.3582096684546421e-05, G1_G1_D1ps: -1.1569611258000358e-05,
  G1_G1_D1ss: -2.485899258946091e-08, G1_Z0p: 0.006107667759393814, G1_Z0s: 0.0002503722123196005,
  G1_Z1p: -0.4761643697302308, G1_Z1s: 1.9369112673934093e-10, gA00: 1.2520802974621459,
  gA10: 0.046863055810057466, gA11: -913.3944572937816, gV00: 1.016041146143312, gV10: -0.005061106510942097,
  gV11: -672.4576526331122}
