{E0: 0.7174966074817956, E1: -0.10067079752592309, G1_G1_C0ps: 1.1110631375074435e-06,
  G1_G1_C0ss: 4.206613367848839e-08, G1_G1_C1ps: -1.3452830995359084e-07, G1_G1_C1ss: 5.656270246648914e-09,
  G1_G1_D0ps: -1.8426611362179664e-06, G1_G1_D0ss: -8.381660115113749e-09, G1_G1_D1ps: 1.0206967051940432e-06,
  G1_G1_D1ss: -1.5412305643431086e-08, G1_Z0p: 0.006406471413595392, G1_Z0s: 0.00025817680621673133,
  G1_Z1p: 0.004465784059947127, G1_Z1s: 0.0003057697741126091, gA00: 1.2058853124741657,
  gA10: 0.2091965785980975, gA11: 0.4444661549111171, gV00: 1.0140383331205995, gV10: -0.25440157343791464,
  gV11: 0.6326408614410416}
