{E0: 0.684924507544728, E1: 0.13420145365944133, G1_G1_C0ps: 6.680742070347482e-06,
  G1_G1_C0ss: 4.308947410199045e-05, G1_G1_C1ps: 1.7122485133728108e-06, G1_G1_C1ss: -9.767116778122222e-09,
  G1_G1_D0ps: -0.00010939468416404813, G1_G1_D0ss: -0.0024837523115349867, G1_G1_D1ps: 2.866536707474783e-06,
  G1_G1_D1ss: 1.995735093247701e-07, G1_Z0p: 0.005984063150322681, G1_Z0s: 0.0002511703159443548,
  G1_Z1p: -2.304011785961565, G1_Z1s: 5.181438310387844e-10, gA00: 1.2696565467152687,
  gA10: -0.21425673898218342, gA11: -45648.83028041604, gV00: 1.0189694014442368,
  gV10: -0.033868210696507, gV11: -5655.794933925435}
