{E0: 0.713668469252889, E1: -0.2601448609431877, G1_G1_C0ps: 2.046447834599251e-06,
  G1_G1_C0ss: 3.773201874071511e-08, G1_G1_C1ps: -7.389619946332573e-07, G1_G1_C1ss: -9.619827810184057e-09,
  G1_G1_D0ps: -2.281652694001607e-06, G1_G1_D0ss: -5.899557019135564e-09, G1_G1_D1ps: 1.0673452788096985e-06,
  G1_G1_D1ss: -3.481666638733438e-08, G1_Z0p: 0.006210133273406088, G1_Z0s: 0.00025387872232946195,
  G1_Z1p: 0.28326780797720147, G1_Z1s: 0.00018532890444280349, gA00: 1.2555401012529959,
  gA10: 0.028779777616796988, gA11: 1.240480787470166, gV00: 1.0160600345135664, gV10: -0.030300259247377618,
  gV11: 1.0226973694379073}
