{E0: 0.5665762415431822, E1: -1.2617944073987135, G1_G1_C0ps: -2.648824272415472e-07,
  G1_G1_C0ss: -6.496253746700689e-09, G1_G1_C1ps: 1.1671313726629191e-07, G1_G1_C1ss: -1.9697049648015586e-09,
  G1_G1_D0ps: -1.4990549959753833e-05, G1_G1_D0ss: 2.9520745748031847e-09, G1_G1_D1ps: -5.9611776217182685e-06,
  G1_G1_D1ss: 2.0977037824723368e-09, G1_Z0p: 0.005167412751618732, G1_Z0s: 2.2414807882220658e-05,
  G1_Z1p: 0.0031384797079792824, G1_Z1s: 1.5492099473590928e-05, gA00: 1.437951321953003,
  gA10: 0.03014069311202039, gA11: 2.0253625282343553, gV00: 1.0892660724704186, gV10: 0.1312697193257735,
  gV11: 1.871428162868417}
