{E0: 0.44938431538001344, E1: -1.6882259595195328, G1_G1_C0ps: -0.00011685158280886219,
  G1_G1_C0ss: 3.082601486111537e-08, G1_G1_C1ps: 5.205589914862892e-09, G1_G1_C1ss: 2.3999087467738406e-11,
  G1_G1_D0ps: 0.00022117073464529173, G1_G1_D0ss: 2.2375742691921717e-07, G1_G1_D1ps: 6.936182281104719e-08,
  G1_G1_D1ss: 2.434252732457295e-10, G1_Z0p: 0.0020490881646740003, G1_Z0s: 1.1892076209584803e-05,
  G1_Z1p: 6.470527432518382e-07, G1_Z1s: 6.257717475463425e-09, gA00: 1.384623701815097,
  gA10: -1.6828677881641776, gA11: 1485832.2323055016, gV00: 1.0328024029027723, gV10: -0.1585305074521251,
  gV11: 159472.1847514302}
