{E0: 0.7152921863372785, E1: -0.5489667603984065, G1_G1_C0ps: 4.056482895657057e-06,
  G1_G1_C0ss: -3.8923414397530755e-05, G1_G1_C1ps: 5.522540783862137e-07, G1_G1_C1ss: -8.116528710388023e-09,
  G1_G1_D0ps: 0.00013367836249809364, G1_G1_D0ss: 0.0009505105242113856, G1_G1_D1ps: 1.0361904186682129e-05,
  G1_G1_D1ss: 5.8101650095954586e-08, G1_Z0p: 0.006303683011995179, G1_Z0s: 0.00025655816935763506,
  G1_Z1p: 0.6142860684721883, G1_Z1s: -5.186958545321682e-11, gA00: 1.2589273256415467,
  gA10: 0.0571288738217951, gA11: -93453.8737138188, gV00: 1.0161274157276914, gV10: 0.002318546022341968,
  gV11: -2503.6971385501256}
