{E0: 0.6883915566156352, E1: -0.3780155542046824, G1_G1_C0ps: 9.799084275026962e-07,
  G1_G1_C0ss: 5.107117838916731e-08, G1_G1_C1ps: 4.399548427596261e-08, G1_G1_C1ss: -3.524524147973507e-09,
  G1_G1_D0ps: -1.3287008190972294e-06, G1_G1_D0ss: -2.8814736761309572e-08, G1_G1_D1ps: 7.197720202102666e-07,
  G1_G1_D1ss: -3.680314196381164e-08, G1_Z0p: 0.006078607805232752, G1_Z0s: 0.00025396913606659944,
  G1_Z1p: 0.0050354999472779095, G1_Z1s: 0.000140013788003679, gA00: 1.278740821056713,
  gA10: 0.10364634238401303, gA11: 3.2921230316642482, gV00: 1.0192086371523694, gV10: 0.06971170645902727,
  gV11: 1.4324970854656598}
