{E0: 0.44692670421454506, E1: -0.7111019401661628, G1_G1_C0ps: 5.04883429394093e-08,
  G1_G1_C0ss: -1.3577646016854445e-09, G1_G1_C1ps: 2.397180239722388e-08, G1_G1_C1ss: -9.262593461712035e-10,
  G1_G1_D0ps: -3.988589779277128e-08, G1_G1_D0ss: -1.0534080650826448e-10, G1_G1_D1ps: 4.852600008436877e-09,
  G1_G1_D1ss: -1.1499349134986288e-10, G1_Z0p: 0.0020081147613324303, G1_Z0s: 1.174157778271759e-05,
  G1_Z1p: 0.005158061764305704, G1_Z1s: 8.96943143635933e-06, gA00: 1.278329412608883,
  gA10: 0.0723989289460161, gA11: 1.3843843295672897, gV00: 1.0216572249346514, gV10: -0.21169501172506427,
  gV11: 0.9340267841609673}
