{E0: 0.6840833468500721, E1: -0.295826313470419, G1_G1_C0ps: 1.2233918260507022e-05,
  G1_G1_C0ss: 0.00014628850651961177, G1_G1_C1ps: 1.8037072369913742e-05, G1_G1_C1ss: -1.4753872997124192e-10,
  G1_G1_D0ps: -1.096922210650396e-05, G1_G1_D0ss: 0.00019613332379965368, G1_G1_D1ps: -5.901820386618461e-06,
  G1_G1_D1ss: -3.916110266729748e-08, G1_Z0p: 0.005965228912437239, G1_Z0s: 0.00025051986754113083,
  G1_Z1p: -1.3876674155975746, G1_Z1s: 2.335364991913754e-11, gA00: 1.2536295499390988,
  gA10: 0.009138276883986033, gA11: -34576.178337537815, gV00: 1.0191046223713118,
  gV10: -0.029065165048773125, gV11: -12415.9837917186}
