{E0: 0.5824952892986488, E1: -0.09689597234084756, G1_G1_C0ps: 1.1004248729304675e-07,
  G1_G1_C0ss: 2.0650312013331807e-10, G1_G1_C1ps: -7.145363787410196e-08, G1_G1_C1ss: 1.8470698037235477e-10,
  G1_G1_D0ps: 3.870143853658525e-08, G1_G1_D0ss: -1.610993193545107e-10, G1_G1_D1ps: 3.8761029863986634e-08,
  G1_G1_D1ss: -1.345144287869299e-10, G1_Z0p: 0.005631170766065774, G1_Z0s: 2.440638224174608e-05,
  G1_Z1p: -0.0007148460778280578, G1_Z1s: 3.3123498244037114e-05, gA00: 1.2781661418043175,
  gA10: 0.35844882087891405, gA11: 1.4306421444160033, gV00: 1.0220915405656537, gV10: 0.05286310601927229,
  gV11: 1.1137653017618208}
