{E0: 0.7112383132544351, E1: -0.3369856515423697, G1_G1_C0ps: 2.8604263493308747e-06,
  G1_G1_C0ss: 1.774536073159941e-06, G1_G1_C1ps: 3.382704723404376e-06, G1_G1_C1ss: -1.3991441930487189e-08,
  G1_G1_D0ps: -4.923016574678426e-06, G1_G1_D0ss: 8.332894493550481e-07, G1_G1_D1ps: -4.761353498535716e-06,
  G1_G1_D1ss: -3.173863178801949e-08, G1_Z0p: 0.00609762639904441, G1_Z0s: 0.00025079477623330564,
  G1_Z1p: -1.0493995854586395, G1_Z1s: 2.1437939564191535e-10, gA00: 1.2549111971826288,
  gA10: 0.008281363954906213, gA11: -5974.659548947439, gV00: 1.0162787957284818,
  gV10: -0.008122132979909207, gV11: -958.7265162556768}
