{E0: 0.820823430444092, E1: -0.13340941517562288, G1_G1_C0ps: -4.507802005464122e-06,
  G1_G1_C0ss: 2.3816475596862233e-07, G1_G1_C1ps: -3.729076688692014e-06, G1_G1_C1ss: 8.096157997788212e-08,
  G1_G1_D0ps: 0.00012834561061095308, G1_G1_D0ss: 2.6877130012940085e-07, G1_G1_D1ps: 3.97525588274337e-05,
  G1_G1_D1ss: -8.13198526090479e-07, G1_Z0p: 0.011312091701410914, G1_Z0s: 0.0005837580050033237,
  G1_Z1p: 0.004650847947772644, G1_Z1s: 0.0004796258525741055, gA00: 1.2159807644773792,
  gA10: -1.1635178123950534, gA11: -0.5381723876359918, gV00: 1.0008671149834865,
  gV10: 0.08178702320654435, gV11: 0.8627975219733958}
