{E0: 0.7110754412611628, E1: -1.0478570300467283, G1_G1_C0ps: 9.87255551715679e-07,
  G1_G1_C0ss: 1.659130708188054e-08, G1_G1_C1ps: 8.285002196022114e-08, G1_G1_C1ss: -7.391618966361604e-09,
  G1_G1_D0ps: -6.392424518473399e-06, G1_G1_D0ss: -2.9310686233987944e-07, G1_G1_D1ps: 2.0344606289570838e-06,
  G1_G1_D1ss: 2.5280644980110216e-08, G1_Z0p: 0.006162712601866448, G1_Z0s: 0.0002487996566716046,
  G1_Z1p: 0.003435974917105949, G1_Z1s: 0.00013995313888978632, gA00: 1.0403011069109696,
  gA10: 0.5603982733140167, gA11: -6.447813697470759, gV00: 1.0187373128724717, gV10: -0.02190540580741314,
  gV11: 1.1766562943787058}
