{E0: 0.68345316513534, E1: -0.7074620988984086, G1_G1_C0ps: 8.222294371967206e-07,
  G1_G1_C0ss: 3.755293430071367e-08, G1_G1_C1ps: 2.8157345227795104e-08, G1_G1_C1ss: -6.489851913379151e-10,
  G1_G1_D0ps: -1.2416090529371578e-06, G1_G1_D0ss: -3.0182734421757796e-08, G1_G1_D1ps: 5.072086672941515e-07,
  G1_G1_D1ss: -2.9456000509276848e-08, G1_Z0p: 0.005934503759288318, G1_Z0s: 0.00024901656168737675,
  G1_Z1p: 0.005038714934186501, G1_Z1s: 0.00013331828512705123, gA00: 1.271325754153044,
  gA10: -0.021643837824150167, gA11: 2.001353705304977, gV00: 1.0206357682871876,
  gV10: -0.022460547516399046, gV11: 1.2153545865530295}
