{E0: 0.6830945217673957, E1: -0.291802225163544, G1_G1_C0ps: 9.140861758226425e-07,
  G1_G1_C0ss: -8.023603637387208e-09, G1_G1_C1ps: -9.898793352786977e-07, G1_G1_C1ss: -8.31510012956679e-08,
  G1_G1_D0ps: -2.334023540635901e-06, G1_G1_D0ss: 3.857597346099263e-07, G1_G1_D1ps: -3.079164883142037e-07,
  G1_G1_D1ss: 5.374432490651817e-07, G1_Z0p: 0.0059206713822198866, G1_Z0s: 0.00024888305562738755,
  G1_Z1p: 0.013957243021758254, G1_Z1s: 0.0002843216616944616, gA00: 1.272188014539671,
  gA10: 0.26665959743888806, gA11: 1.8308335283207815, gV00: 1.0201296531781279, gV10: -0.056591356558674664,
  gV11: 1.20176494781097}
