{E0: 0.6839147783769605, E1: -0.8801771124429151, G1_G1_C0ps: 9.993687925674384e-07,
  G1_G1_C0ss: 5.003511055965952e-08, G1_G1_C1ps: 1.6491080448788199e-09, G1_G1_C1ss: -1.03011805959833e-10,
  G1_G1_D0ps: -1.2484412712283771e-06, G1_G1_D0ss: -3.0831654224693446e-08, G1_G1_D1ps: 6.490861209491936e-07,
  G1_G1_D1ss: -2.6899160817785978e-08, G1_Z0p: 0.00592316393154765, G1_Z0s: 0.00024817613671112226,
  G1_Z1p: 0.003883285380663351, G1_Z1s: 0.0001448892806986151, gA00: 1.3030312456491164,
  gA10: -0.09714892561316511, gA11: 2.2827318137195998, gV00: 1.0259498751609146,
  gV10: -0.03940612948150929, gV11: 1.3885814146795252}
