{E0: 0.6849430794313781, E1: -0.42193544328639915, G1_G1_C0ps: 9.870300480043594e-07,
  G1_G1_C0ss: 5.0722211549948066e-08, G1_G1_C1ps: 1.6619477689413825e-08, G1_G1_C1ss: -1.2869810099554842e-09,
  G1_G1_D0ps: -1.4093733039511215e-06, G1_G1_D0ss: -2.5196927695677256e-08, G1_G1_D1ps: 5.245640459987681e-07,
  G1_G1_D1ss: -2.6379075401571622e-08, G1_Z0p: 0.00597342275950131, G1_Z0s: 0.0002506914944287997,
  G1_Z1p: 0.006222974824546677, G1_Z1s: 0.00018779558270556301, gA00: 1.2691846519394714,
  gA10: 0.057997783845028315, gA11: 1.880349591114026, gV00: 1.022917514818975, gV10: -0.007201905559222108,
  gV11: 1.3459607425197349}
