{E0: 0.710871032584733, E1: -0.23275917453330933, G1_G1_C0ps: -0.0001534235454681353,
  G1_G1_C0ss: -1.1869033414275954e-05, G1_G1_C1ps: -1.3500635283314745e-06, G1_G1_C1ss: 5.179741706314696e-08,
  G1_G1_D0ps: -5.325521122243874e-05, G1_G1_D0ss: -3.3869663501600207e-06, G1_G1_D1ps: -7.465973735473111e-07,
  G1_G1_D1ss: 2.0634159845019397e-08, G1_Z0p: 0.006056488549677149, G1_Z0s: 0.0002492895097976685,
  G1_Z1p: 5.698451478608658e-05, G1_Z1s: -1.6265839357837088e-06, gA00: 1.2465150024873843,
  gA10: -0.127611302739237, gA11: -14508.823828973274, gV00: 1.0168025846163185, gV10: 0.3015942678555873,
  gV11: -4393.550543479831}
