{E0: 0.6822800559515598, E1: -0.8069973055895738, G1_G1_C0ps: 8.059992115059594e-08,
  G1_G1_C0ss: -7.513460834369022e-08, G1_G1_C1ps: 1.611379096821931e-07, G1_G1_C1ss: -2.87234603210371e-08,
  G1_G1_D0ps: -1.4176705201879835e-06, G1_G1_D0ss: -2.9409023539749825e-08, G1_G1_D1ps: 6.018976344094778e-07,
  G1_G1_D1ss: -2.341631953730166e-08, G1_Z0p: 0.005898772228115235, G1_Z0s: 0.00024712316002981316,
  G1_Z1p: 0.004378395942954907, G1_Z1s: 0.00014634097932777066, gA00: 1.2814826971632434,
  gA10: -0.03346897688786167, gA11: 2.030080429128071, gV00: 1.0174037151624535, gV10: -0.051183822739603195,
  gV11: 0.8350441180505666}
