{E0: 0.6832793235129117, E1: -0.8269535408289423, G1_G1_C0ps: 9.963973600479093e-07,
  G1_G1_C0ss: 5.053188997828418e-08, G1_G1_C1ps: 1.7985396006017606e-07, G1_G1_C1ss: 5.751197193023145e-09,
  G1_G1_D0ps: -6.12647680218533e-07, G1_G1_D0ss: -5.572104308224321e-08, G1_G1_D1ps: 6.145552262087801e-07,
  G1_G1_D1ss: -4.178412748311833e-08, G1_Z0p: 0.0059301593320166095, G1_Z0s: 0.00024811152206800484,
  G1_Z1p: 0.00397824979668276, G1_Z1s: 0.00013564537255965337, gA00: 1.2858241616220036,
  gA10: -0.10633685652972578, gA11: 2.2073582767453708, gV00: 1.0215011005481094,
  gV10: -0.00451636392928678, gV11: 1.2633448778926466}
