{E0: 0.6913231966044961, E1: -0.46854804904849356, G1_G1_C0ps: 9.957787423644552e-07,
  G1_G1_C0ss: 5.010820059650831e-08, G1_G1_C1ps: -4.034399159467164e-08, G1_G1_C1ss: -1.2384888186586625e-08,
  G1_G1_D0ps: -1.0120706169327444e-06, G1_G1_D0ss: -3.969395964237393e-08, G1_G1_D1ps: -1.1537156827985492e-07,
  G1_G1_D1ss: -3.503149608542476e-08, G1_Z0p: 0.006193754643390059, G1_Z0s: 0.00025743034398224797,
  G1_Z1p: -0.006933293717120903, G1_Z1s: 2.4062123528445673e-05, gA00: 1.2453585482855367,
  gA10: 0.20279939225333546, gA11: -1.8937367548175965, gV00: 1.0178631188312752,
  gV10: -0.13778746238482137, gV11: 0.3332419246509816}
