{E0: 0.6839529647332453, E1: -0.2062229436948807, G1_G1_C0ps: 1.1321230206787715e-06,
  G1_G1_C0ss: 5.1616776672743835e-08, G1_G1_C1ps: -6.073354648111131e-08, G1_G1_C1ss: 1.9859664921194834e-09,
  G1_G1_D0ps: -9.704317197717932e-08, G1_G1_D0ss: 1.4095088757392654e-07, G1_G1_D1ps: -2.6988138880085558e-06,
  G1_G1_D1ss: 5.727189670473619e-08, G1_Z0p: 0.005946412159945275, G1_Z0s: 0.00024986352114801284,
  G1_Z1p: 0.017440287541438126, G1_Z1s: 0.0003073159508799892, gA00: 1.27972888671508,
  gA10: 0.5350580076454615, gA11: 2.771771834560452, gV00: 1.0198966962752567, gV10: -0.02261795349906386,
  gV11: 1.218907375834118}
