{E0: 0.5784084034707179, E1: -0.18048744132818487, G1_G1_C0ps: -8.368193829311751e-07,
  G1_G1_C0ss: -7.46180199062494e-09, G1_G1_C1ps: 2.2429153890490665e-06, G1_G1_C1ss: 1.9525050453035754e-08,
  G1_G1_D0ps: 1.7429147595053372e-05, G1_G1_D0ss: 1.4322727820863892e-07, G1_G1_D1ps: -4.002228108320751e-05,
  G1_G1_D1ss: -3.289176579000868e-07, G1_Z0p: 0.005554394440463262, G1_Z0s: 2.4045221821859327e-05,
  G1_Z1p: 0.0004425985266809523, G1_Z1s: 3.1750623652921554e-05, gA00: 1.3360031631743972,
  gA10: -122.40369147078712, gA11: 0.11112568276893835, gV00: 1.0197149627181967,
  gV10: 6.957841508525165, gV11: 1.1210346732088892}
