{E0: 0.687379375059639, E1: -0.09420085864499383, G1_G1_C0ps: 1.0274953433454974e-06,
  G1_G1_C0ss: 4.81638921245998e-08, G1_G1_C1ps: -2.9556514478237103e-08, G1_G1_C1ss: 1.300904894243067e-09,
  G1_G1_D0ps: -1.6979949289384273e-06, G1_G1_D0ss: -9.33923969658574e-09, G1_G1_D1ps: 7.503196801386037e-07,
  G1_G1_D1ss: -2.17235238039973e-08, G1_Z0p: 0.006097092440229812, G1_Z0s: 0.000253647569888866,
  G1_Z1p: 0.004774227367439472, G1_Z1s: 0.0003013401048988366, gA00: 1.2054314922805927,
  gA10: 0.18582896393928672, gA11: 0.48799056268829866, gV00: 1.0165049323996989,
  gV10: -0.15152477509242687, gV11: 0.8788703053425218}
