{E0: 0.681000262829566, E1: -0.6140463956876756, G1_G1_C0ps: -2.7606443250194063e-05,
  G1_G1_C0ss: -5.937299234737038e-07, G1_G1_C1ps: -2.256475190729631e-05, G1_G1_C1ss: -2.224767274222584e-07,
  G1_G1_D0ps: -1.7157918957164724e-06, G1_G1_D0ss: -4.52767273730688e-08, G1_G1_D1ps: -4.287801482558093e-07,
  G1_G1_D1ss: -5.322843499258275e-08, G1_Z0p: 0.005851371668988498, G1_Z0s: 0.000246239649299693,
  G1_Z1p: 0.007612661892015697, G1_Z1s: 0.0001906577998587592, gA00: 1.2650636740969006,
  gA10: -0.0015622944790216664, gA11: 1.5936356998799126, gV00: 1.0189568190871285,
  gV10: 0.4164687057137143, gV11: 0.9782030179076737}
