{E0: 0.683344837331829, E1: -0.800747108077401, G1_G1_C0ps: 1.3954777958572353e-06,
  G1_G1_C0ss: 1.3775566115045605e-07, G1_G1_C1ps: -6.090168868510593e-08, G1_G1_C1ss: 1.8148391077871624e-08,
  G1_G1_D0ps: -1.2660287352135222e-06, G1_G1_D0ss: -1.0558926532320853e-07, G1_G1_D1ps: 7.150561533047475e-07,
  G1_G1_D1ss: -4.5049330949177876e-08, G1_Z0p: 0.005930043028424882, G1_Z0s: 0.0002482823926774751,
  G1_Z1p: 0.004159843359098419, G1_Z1s: 0.00013734000922938362, gA00: 1.2841572139551423,
  gA10: -0.041383333189846196, gA11: 2.164385121779968, gV00: 1.0210121452139278,
  gV10: -0.066959429355466, gV11: 1.2454835988891455}
