{E0: 0.6832769277418015, E1: -0.8328545217263261, G1_G1_C0ps: 9.968385081170757e-07,
  G1_G1_C0ss: 5.0176849181610304e-08, G1_G1_C1ps: 8.79619938945816e-09, G1_G1_C1ss: -6.010693921593999e-10,
  G1_G1_D0ps: -1.2191399661148122e-06, G1_G1_D0ss: -3.211081373529239e-08, G1_G1_D1ps: 6.09711777055562e-07,
  G1_G1_D1ss: -2.6813516206199933e-08, G1_Z0p: 0.005931634199318632, G1_Z0s: 0.00024816064126140924,
  G1_Z1p: 0.0039304728389920225, G1_Z1s: 0.00013460977222089937, gA00: 1.2882044262069081,
  gA10: -0.08042713055111603, gA11: 2.2508976791555004, gV00: 1.0215181671209042,
  gV10: -0.031459659958952654, gV11: 1.2672601361038818}
