{E0: 0.714941386291137, E1: -0.16822272961978094, G1_G1_C0ps: 7.459357725818183e-07,
  G1_G1_C0ss: 5.386918260416581e-08, G1_G1_C1ps: -3.898045236948256e-07, G1_G1_C1ss: -4.574846175347057e-08,
  G1_G1_D0ps: -1.5327921461540012e-06, G1_G1_D0ss: -2.6751598641406214e-08, G1_G1_D1ps: -8.174381349467586e-07,
  G1_G1_D1ss: -3.840925174318923e-08, G1_Z0p: 0.006278409224843562, G1_Z0s: 0.00025584506324295475,
  G1_Z1p: -0.014071343218966022, G1_Z1s: 7.440480053314729e-05, gA00: 1.2558752770359214,
  gA10: -0.2809606425422728, gA11: -1.4591102073853135, gV00: 1.0155838974761762,
  gV10: -0.2757953672184775, gV11: 0.8242171884847638}
