{E0: 0.5817748260062179, E1: -0.1637767647225237, G1_G1_C0ps: 2.5830950603018936e-07,
  G1_G1_C0ss: 2.1021896707488107e-10, G1_G1_C1ps: -8.979318823736336e-08, G1_G1_C1ss: 2.0827582184807614e-10,
  G1_G1_D0ps: 0.00018083810620967073, G1_G1_D0ss: 6.484996887907874e-10, G1_G1_D1ps: -2.6306299734630052e-05,
  G1_G1_D1ss: 2.6734591668939523e-09, G1_Z0p: 0.00564365201557208, G1_Z0s: 2.4331072360457478e-05,
  G1_Z1p: -0.0006470989210276796, G1_Z1s: 3.128243851622877e-05, gA00: 1.3426164118145252,
  gA10: -0.08456375843306739, gA11: -0.21965525243879186, gV00: 1.0212342865772523,
  gV10: 0.06329884853460656, gV11: 1.119636082841384}
