{E0: 0.6808576350536786, E1: -0.6057074143676728, G1_G1_C0ps: 8.739964472630894e-07,
  G1_G1_C0ss: 2.7200090937985607e-07, G1_G1_C1ps: 8.580873861570712e-07, G1_G1_C1ss: 1.7370503901043874e-07,
  G1_G1_D0ps: -3.1831293153607295e-07, G1_G1_D0ss: -1.1744984908126008e-07, G1_G1_D1ps: 9.734625239183315e-07,
  G1_G1_D1ss: -1.0285252549856707e-07, G1_Z0p: 0.005846682537256756, G1_Z0s: 0.0002459972798004388,
  G1_Z1p: 0.007653605256164475, G1_Z1s: 0.00019829166580753892, gA00: 1.2660860828020624,
  gA10: -0.004247823962594096, gA11: 1.5866013952088138, gV00: 1.0207557268155036,
  gV10: 0.030102348248053204, gV11: 1.1590762181397203}
