{E0: 0.6892522713946584, E1: -0.3499341278467341, G1_G1_C0ps: 9.7331008373566e-07,
  G1_G1_C0ss: 5.143283127342031e-08, G1_G1_C1ps: 4.3822669686807446e-08, G1_G1_C1ss: -3.634767697050702e-09,
  G1_G1_D0ps: -1.4098574141734803e-06, G1_G1_D0ss: -2.5936099077768394e-08, G1_G1_D1ps: 6.729525072867171e-07,
  G1_G1_D1ss: -3.567692407826046e-08, G1_Z0p: 0.006089007058921755, G1_Z0s: 0.0002546950979566175,
  G1_Z1p: 0.005906772520560975, G1_Z1s: 0.00015991458273707313, gA00: 1.278836838886758,
  gA10: 0.1209621998650668, gA11: 2.9449828375823484, gV00: 1.0193429596656347, gV10: 0.043597553687670876,
  gV11: 1.3484504803630932}
