{E0: 0.6806904991000744, E1: -0.6416846815955929, G1_G1_C0ps: -3.255208115215162e-06,
  G1_G1_C0ss: -3.091189798496959e-07, G1_G1_C1ps: 3.914935619649873e-06, G1_G1_C1ss: -1.3728658675274925e-08,
  G1_G1_D0ps: -1.5638608383531888e-06, G1_G1_D0ss: -6.766051482972863e-08, G1_G1_D1ps: 6.05818842472388e-07,
  G1_G1_D1ss: -4.383493272849054e-08, G1_Z0p: 0.0058422768298388265, G1_Z0s: 0.0002456565546336933,
  G1_Z1p: 0.007116435583019745, G1_Z1s: 0.00019542573680535964, gA00: 1.2657421703828686,
  gA10: 0.07127801112252204, gA11: 1.5938934858218594, gV00: 1.0152559748124064, gV10: 0.2850688219514846,
  gV11: 0.40936475468577976}
