{E0: 0.6130026070256239, E1: -0.39174140511181216, G1_G1_C0ps: 2.992595071155487e-06,
  G1_G1_C0ss: 2.3250362224434372e-08, G1_G1_C1ps: 9.374185339962019e-07, G1_G1_C1ss: 1.0001768522584214e-08,
  G1_G1_D0ps: -5.29502789789142e-06, G1_G1_D0ss: 4.452143295678908e-08, G1_G1_D1ps: -2.1427684930238275e-06,
  G1_G1_D1ss: 1.8003588464544693e-08, G1_Z0p: 0.005451556512119141, G1_Z0s: 7.992605979328135e-05,
  G1_Z1p: 0.0024455681478718033, G1_Z1s: 7.418422422654496e-05, gA00: 1.2764817381785107,
  gA10: -0.5983133681591905, gA11: 0.497948076363609, gV00: 1.019782782989796, gV10: -0.10792517112518187,
  gV11: 1.3484123918767434}
