{E0: 0.715141998722756, E1: -0.4778507729397987, G1_G1_C0ps: 1.3526272449060592e-06,
  G1_G1_C0ss: 4.948318135223699e-06, G1_G1_C1ps: 5.494870555957953e-07, G1_G1_C1ss: -9.718330440084937e-09,
  G1_G1_D0ps: -1.6175893983191403e-06, G1_G1_D0ss: -2.894325293497967e-07, G1_G1_D1ps: 3.5060292479095386e-07,
  G1_G1_D1ss: -3.625977519025296e-08, G1_Z0p: 0.006291676812633667, G1_Z0s: 0.00025633440920526374,
  G1_Z1p: 4.364926212599377, G1_Z1s: 8.659852945923878e-12, gA00: 1.2525239526534884,
  gA10: -8.98557478042583e-05, gA11: 15783.065112818467, gV00: 1.0161843307609706,
  gV10: 0.0003899642152609973, gV11: 2912.4910884745573}
