{E0: 0.617565369818784, E1: 0.025599317180048483, G1_G1_C0ps: -1.3265321749959245e-05,
  G1_G1_C0ss: -6.870005534268262e-10, G1_G1_C1ps: -4.612083304556955e-06, G1_G1_C1ss: 1.4479934661194724e-08,
  G1_G1_D0ps: -0.0003923161089067309, G1_G1_D0ss: -3.22611713932709e-07, G1_G1_D1ps: -0.00011598095539665552,
  G1_G1_D1ss: 2.8672335635336167e-07, G1_Z0p: 0.005558340704292186, G1_Z0s: 8.135483306339276e-05,
  G1_Z1p: 0.0014271498881623448, G1_Z1s: 0.00011486285781979856, gA00: 1.2770244522662166,
  gA10: 18.163267252381832, gA11: -0.21186582423637335, gV00: 1.0145878662361498,
  gV10: 0.4138795121184385, gV11: 0.9117878164428983}
