{E0: 0.5734690020585519, E1: -0.43743621109499004, G1_G1_C0ps: 1.2189481308850965e-07,
  G1_G1_C0ss: 5.276816268532521e-07, G1_G1_C1ps: 4.6491879159709165e-07, G1_G1_C1ss: -2.6703820571192334e-10,
  G1_G1_D0ps: -3.059849079806547e-07, G1_G1_D0ss: -1.3047823003077147e-06, G1_G1_D1ps: -7.557479691645125e-07,
  G1_G1_D1ss: -3.1136187696478885e-10, G1_Z0p: 0.005389240567400646, G1_Z0s: 2.3666922434335523e-05,
  G1_Z1p: 2.975587630083394, G1_Z1s: -1.4330124357380638e-13, gA00: 1.3546509787131664,
  gA10: -0.005842694759944641, gA11: -204068.66227260508, gV00: 1.0097858788040726,
  gV10: 0.0035827458659377013, gV11: 9081.866064632632}
