{E0: 0.7153674081623146, E1: -0.21414642307292167, G1_G1_C0ps: -0.00022678633690166318,
  G1_G1_C0ss: -4.678467091296676e-05, G1_G1_C1ps: -1.5062869731172435e-06, G1_G1_C1ss: 6.766373198747476e-08,
  G1_G1_D0ps: -5.2519151435541214e-05, G1_G1_D0ss: -5.0271682499377885e-06, G1_G1_D1ps: -8.652023983265514e-07,
  G1_G1_D1ss: 3.229989460421092e-08, G1_Z0p: 0.0062665182830475225, G1_Z0s: 0.0002558290656338961,
  G1_Z1p: 3.702982246160121e-05, G1_Z1s: -1.2215348390969638e-06, gA00: 1.2455699509122848,
  gA10: -0.12986123901141103, gA11: -32230.78860366576, gV00: 1.0167704428559554,
  gV10: 0.31075498736746887, gV11: -10068.91085216874}
