{E0: 0.682129827855908, E1: -0.062228831754684924, G1_G1_C0ps: 1.4197104810022542e-05,
  G1_G1_C0ss: 1.2195230503716284e-05, G1_G1_C1ps: 9.155292961731949e-06, G1_G1_C1ss: -3.18059674746792e-08,
  G1_G1_D0ps: 1.713935274643996e-05, G1_G1_D0ss: -5.7193306348113475e-05, G1_G1_D1ps: 2.2264236893920667e-05,
  G1_G1_D1ss: -5.3133473915428236e-08, G1_Z0p: 0.0058973126108988385, G1_Z0s: 0.00024765067100534225,
  G1_Z1p: -2.701892121156982, G1_Z1s: 1.7157935946935419e-10, gA00: 1.2578452070639843,
  gA10: -0.025231010830863976, gA11: -9689.516648413506, gV00: 1.0179723523190463,
  gV10: -0.01011739245946047, gV11: -1162.9889847510876}
