{E0: 0.6841865983966505, E1: -0.16155790361533615, G1_G1_C0ps: 1.0160584281532008e-06,
  G1_G1_C0ss: 4.894040324528035e-08, G1_G1_C1ps: -1.70385565313294e-08, G1_G1_C1ss: 7.688121581173317e-10,
  G1_G1_D0ps: -1.4462841481865513e-06, G1_G1_D0ss: -1.9642211122685912e-08, G1_G1_D1ps: 4.735231625432627e-07,
  G1_G1_D1ss: -1.4771011269687059e-08, G1_Z0p: 0.00603075063880794, G1_Z0s: 0.0002506630395496995,
  G1_Z1p: 0.004841520018133959, G1_Z1s: 0.00029427297662881384, gA00: 1.1915246052500181,
  gA10: 0.31246427033457247, gA11: 0.8467829711707545, gV00: 1.0170358268136608, gV10: -0.1155411302926139,
  gV11: 0.9734313451158558}
