{E0: 0.447002275510636, E1: -0.7132344318765101, G1_G1_C0ps: 1.694676036791301e-09,
  G1_G1_C0ss: -3.0544158724164284e-11, G1_G1_C1ps: 2.2622554877217876e-08, G1_G1_C1ss: 9.457776742937817e-13,
  G1_G1_D0ps: -8.205239041683329e-08, G1_G1_D0ss: -7.169909701148564e-10, G1_G1_D1ps: 5.6564230533726687e-08,
  G1_G1_D1ss: -2.379411554498912e-10, G1_Z0p: 0.002008825042781241, G1_Z0s: 1.1749616796051099e-05,
  G1_Z1p: 0.005236345201882862, G1_Z1s: 8.719683606259918e-06, gA00: 1.279527541452125,
  gA10: 0.36844037001614593, gA11: 1.3892483748938687, gV00: 1.0214723122923839, gV10: 0.03260269006931294,
  gV11: 0.9945613633207514}
