{E0: 0.6829878857766818, E1: -0.12061886944785297, G1_G1_C0ps: 4.381732147029054e-06,
  G1_G1_C0ss: -7.602119623025573e-06, G1_G1_C1ps: 2.6602029469594256e-05, G1_G1_C1ss: -2.6274330488327335e-08,
  G1_G1_D0ps: 2.0053494484536074e-05, G1_G1_D0ss: 0.00016378257986993005, G1_G1_D1ps: 0.00019895400568079947,
  G1_G1_D1ss: 1.1415084839113612e-07, G1_Z0p: 0.005916711449698011, G1_Z0s: 0.0002483145146596641,
  G1_Z1p: -3.792645815775935, G1_Z1s: 8.475509379350622e-11, gA00: 1.273893566494704,
  gA10: -0.13050732961666478, gA11: -20112.018999377196, gV00: 1.0178958266125657,
  gV10: -0.017511653501126715, gV11: -1241.3803281803207}
