{E0: 0.5809013036181377, E1: -0.2035420298555388, G1_G1_C0ps: 6.682263863714157e-08,
  G1_G1_C0ss: 3.7202454351130967e-10, G1_G1_C1ps: -2.6591135512565424e-08, G1_G1_C1ss: 8.141785578999821e-11,
  G1_G1_D0ps: -4.89411801654651e-08, G1_G1_D0ss: -1.2020362442381898e-11, G1_G1_D1ps: 9.255056106198709e-08,
  G1_G1_D1ss: -2.468322524242631e-10, G1_Z0p: 0.005636663990883312, G1_Z0s: 2.4254271031232737e-05,
  G1_Z1p: -0.0005372204170253801, G1_Z1s: 3.0408257873106367e-05, gA00: 1.2929390710083413,
  gA10: 0.21106621708553341, gA11: 0.894640149306723, gV00: 1.0276866471520465, gV10: -0.05580917086203759,
  gV11: 1.168144040943838}
