{E0: 0.5777430846064501, E1: -0.18281798310520764, G1_G1_C0ps: -1.5848145854180662e-06,
  G1_G1_C0ss: -4.712315679954541e-10, G1_G1_C1ps: -2.6188167278625324e-07, G1_G1_C1ss: -1.3616568370813706e-09,
  G1_G1_D0ps: 1.9357362844518284e-05, G1_G1_D0ss: 9.318969533185302e-11, G1_G1_D1ps: 2.126945270864607e-06,
  G1_G1_D1ss: -3.535875101224334e-09, G1_Z0p: 0.005548640463846177, G1_Z0s: 2.4021083865106167e-05,
  G1_Z1p: 0.0004799479110158033, G1_Z1s: 3.168963659015592e-05, gA00: 1.317676890003637,
  gA10: -0.7175929996575684, gA11: 0.518547435202684, gV00: 1.020242990002109, gV10: -0.02539897956792335,
  gV11: 1.1272793667578103}
