{E0: 0.7105823417727556, E1: -0.4597066627798385, G1_G1_C0ps: 3.7467317420110985e-06,
  G1_G1_C0ss: 1.950950307226142e-08, G1_G1_C1ps: 3.022013035752121e-06, G1_G1_C1ss: -9.728881248953451e-09,
  G1_G1_D0ps: -8.756578757184674e-06, G1_G1_D0ss: 1.8076497989617658e-07, G1_G1_D1ps: -8.575396171896714e-06,
  G1_G1_D1ss: -4.2078250979456075e-08, G1_Z0p: 0.006078182564941431, G1_Z0s: 0.000250232429007617,
  G1_Z1p: 1.4383485224158445, G1_Z1s: -1.1032942830062274e-06, gA00: 1.2460245612322223,
  gA10: -0.052076169433960616, gA11: 0.8978893085132045, gV00: 1.0162252722523828,
  gV10: 0.021464001372407466, gV11: 0.9442905788752466}
