{E0: 0.71084076960692, E1: -0.6723528333939772, G1_G1_C0ps: -0.00017574483019278488,
  G1_G1_C0ss: 1.0568581391831607e-07, G1_G1_C1ps: 2.997275284999549e-07, G1_G1_C1ss: 1.6093604438305998e-08,
  G1_G1_D0ps: 0.0006870039391058016, G1_G1_D0ss: -1.9086310533750134e-06, G1_G1_D1ps: 1.2201904972613149e-06,
  G1_G1_D1ss: -2.7789575729000593e-08, G1_Z0p: 0.006052955179112426, G1_Z0s: 0.00024910862048401606,
  G1_Z1p: -1.0216160899124882e-05, G1_Z1s: -7.740114997012419e-07, gA00: 1.2452958266104428,
  gA10: -0.7652755097123289, gA11: -5293.270833288677, gV00: 1.0157087762615353, gV10: 0.21522260735858031,
  gV11: -8885.598224666353}
