{E0: 0.6898816587910468, E1: -0.057222053316856834, G1_G1_C0ps: 1.1013646419185762e-06,
  G1_G1_C0ss: 4.323793393319855e-08, G1_G1_C1ps: -1.082853732215947e-07, G1_G1_C1ss: 4.630108522699859e-09,
  G1_G1_D0ps: -1.80598547587168e-06, G1_G1_D0ss: -5.626113437298047e-09, G1_G1_D1ps: 8.610146142581403e-07,
  G1_G1_D1ss: -2.3536419721990183e-08, G1_Z0p: 0.006141484602439338, G1_Z0s: 0.00025668065727475005,
  G1_Z1p: 0.00475709702329713, G1_Z1s: 0.00031019688063565787, gA00: 1.2173706571426457,
  gA10: 0.24132480068998433, gA11: 0.7287050981646569, gV00: 1.0154223755025824, gV10: -0.11245931413666614,
  gV11: 0.8305578731943793}
