{E0: 0.6820470500876328, E1: -0.8156656838814206, G1_G1_C0ps: 7.141460635059529e-06,
  G1_G1_C0ss: 2.0202311179445405e-07, G1_G1_C1ps: 1.119619870148298e-06, G1_G1_C1ss: -1.7444618722091844e-08,
  G1_G1_D0ps: -1.3305138719065887e-06, G1_G1_D0ss: -5.6556232828119054e-08, G1_G1_D1ps: 6.46444600605811e-07,
  G1_G1_D1ss: -3.27564506064456e-08, G1_Z0p: 0.0058945200672484155, G1_Z0s: 0.00024694045886021037,
  G1_Z1p: 0.004339786662192958, G1_Z1s: 0.00014631933587760034, gA00: 1.283619527922766,
  gA10: -0.03855386098796949, gA11: 2.0449447045731395, gV00: 1.0111805746998137,
  gV10: -0.6601282958573105, gV11: -0.08620022406647238}
