{E0: 0.6841934553740113, E1: -0.02015317162094719, G1_G1_C0ps: 1.8516028985330758e-05,
  G1_G1_C0ss: -0.00010034769111090603, G1_G1_C1ps: 8.307471782302254e-06, G1_G1_C1ss: -1.4696949115311126e-09,
  G1_G1_D0ps: 7.769200988366099e-06, G1_G1_D0ss: -0.00023250513837897282, G1_G1_D1ps: 1.3365999369758107e-05,
  G1_G1_D1ss: -6.409246747445868e-08, G1_Z0p: 0.005965262614084345, G1_Z0s: 0.00025059565443274085,
  G1_Z1p: -2.964690072893232, G1_Z1s: 8.532671778767929e-11, gA00: 1.2567051944775354,
  gA10: -0.017565324846325073, gA11: -22229.11382765377, gV00: 1.0190483638363255,
  gV10: -0.013673819750766503, gV11: -8481.035684229793}
