{E0: 0.6810127732862565, E1: 0.03509522576081544, G1_G1_C0ps: -1.5225007729043463e-05,
  G1_G1_C0ss: 4.953634600686793e-07, G1_G1_C1ps: -5.975773170656287e-06, G1_G1_C1ss: -5.522025045785725e-09,
  G1_G1_D0ps: -2.9246687764820102e-05, G1_G1_D0ss: -1.6812650871621676e-05, G1_G1_D1ps: -3.075348072152677e-05,
  G1_G1_D1ss: 1.5527294845322784e-07, G1_Z0p: 0.005859736336677257, G1_Z0s: 0.0002459701349129695,
  G1_Z1p: -4.739410517694405, G1_Z1s: 9.137122330700253e-06, gA00: 1.270980489611958,
  gA10: -0.04917068342024215, gA11: 0.8382980696851983, gV00: 1.0189653675552548,
  gV10: -0.025820828148773536, gV11: 0.9462169143817035}
