{E0: 0.7141771180364903, E1: -1.0773008588634145, G1_G1_C0ps: 9.581307929107125e-07,
  G1_G1_C0ss: 4.683744319701864e-08, G1_G1_C1ps: 2.3452694637398917e-08, G1_G1_C1ss: -1.0462986473985037e-09,
  G1_G1_D0ps: -4.779038138237995e-06, G1_G1_D0ss: -2.7110794342278173e-08, G1_G1_D1ps: 4.354583544072611e-07,
  G1_G1_D1ss: -1.049500865963398e-08, G1_Z0p: 0.006265474699647106, G1_Z0s: 0.00025309812991087806,
  G1_Z1p: 0.0025278339219407804, G1_Z1s: 0.00010041401693426916, gA00: 1.1953701839321904,
  gA10: 0.29716809094141766, gA11: -0.9816631923422775, gV00: 1.0188011424020518,
  gV10: -0.012156931977977105, gV11: 1.3191766027057903}
