{E0: 0.6830107430195782, E1: -0.8177074541016046, G1_G1_C0ps: 1.1400442886351979e-06,
  G1_G1_C0ss: 5.5211867401749486e-08, G1_G1_C1ps: 5.6594793369366506e-08, G1_G1_C1ss: 7.336851173385141e-10,
  G1_G1_D0ps: -8.900982077257754e-07, G1_G1_D0ss: 1.5025106239599844e-08, G1_G1_D1ps: 5.294263233822816e-07,
  G1_G1_D1ss: -1.9691143346912352e-08, G1_Z0p: 0.005922736408693851, G1_Z0s: 0.0002478767015859118,
  G1_Z1p: 0.004089787641815111, G1_Z1s: 0.00013837415945486235, gA00: 1.2865851297094633,
  gA10: -0.10148391085967383, gA11: 2.182397020468254, gV00: 1.0213389839398135, gV10: -0.03402815416142108,
  gV11: 1.2521437095897743}
