{E0: 0.6837869926766069, E1: -0.33791697942690924, G1_G1_C0ps: 1.1343386022561231e-05,
  G1_G1_C0ss: 0.0002496761969668825, G1_G1_C1ps: -6.569639167628714e-06, G1_G1_C1ss: 5.996360008779285e-09,
  G1_G1_D0ps: -6.784188496116819e-06, G1_G1_D0ss: -6.390755336926263e-05, G1_G1_D1ps: -5.691881913684566e-06,
  G1_G1_D1ss: -3.780091204779475e-08, G1_Z0p: 0.005959494063883674, G1_Z0s: 0.00025027651574032904,
  G1_Z1p: -0.8791439970687548, G1_Z1s: 3.0000522773258774e-11, gA00: 1.2527115141023015,
  gA10: 0.013791835229627028, gA11: -36603.836814553884, gV00: 1.0193586873120928,
  gV10: 0.016697116105493362, gV11: -1204.73122632292}
