{E0: 0.5699354798065815, E1: -0.15844347019009108, G1_G1_C0ps: 5.0448327261289644e-08,
  G1_G1_C0ss: 2.3281544653735084e-10, G1_G1_C1ps: -2.3445899683365553e-08, G1_G1_C1ss: 1.0487243358655466e-10,
  G1_G1_D0ps: -6.045979601685267e-08, G1_G1_D0ss: 7.922005733412323e-11, G1_G1_D1ps: -3.8339364334555935e-07,
  G1_G1_D1ss: -1.7346865912298977e-09, G1_Z0p: 0.00525501954640149, G1_Z0s: 2.3210616215089504e-05,
  G1_Z1p: 0.023085429404866964, G1_Z1s: 6.123908161601999e-05, gA00: 1.3860006000584977,
  gA10: -0.02995130217996443, gA11: 1.6384667161388482, gV00: 1.0249172095142647,
  gV10: -0.04397013444437624, gV11: 1.104688840750266}
