{E0: 0.716557888988886, E1: -0.5312444222763221, G1_G1_C0ps: 9.656950431165797e-07,
  G1_G1_C0ss: 6.15041632058948e-08, G1_G1_C1ps: 5.731292636430865e-08, G1_G1_C1ss: -5.7942011905897726e-09,
  G1_G1_D0ps: -1.3317651895943223e-06, G1_G1_D0ss: -6.953892776442968e-09, G1_G1_D1ps: 8.23122620393004e-07,
  G1_G1_D1ss: -3.30010578226885e-08, G1_Z0p: 0.006331284934524652, G1_Z0s: 0.00025679715994159736,
  G1_Z1p: 0.006609624516599216, G1_Z1s: 9.472496444457764e-05, gA00: 1.2572202961961552,
  gA10: 0.07232026819643876, gA11: 2.0711007739614526, gV00: 1.0160596597273555, gV10: 0.008572903489662097,
  gV11: 1.1725314079316225}
