{E0: 0.6835110846960383, E1: -0.6965277367502359, G1_G1_C0ps: -1.6506679834378247e-06,
  G1_G1_C0ss: -2.1144703753392569e-07, G1_G1_C1ps: 1.5695998361646326e-07, G1_G1_C1ss: -4.778814575428127e-08,
  G1_G1_D0ps: -6.3449670055482885e-06, G1_G1_D0ss: 5.930847398592985e-08, G1_G1_D1ps: -1.07236475779694e-06,
  G1_G1_D1ss: 3.079959874270205e-08, G1_Z0p: 0.005939670940435297, G1_Z0s: 0.0002487046834478318,
  G1_Z1p: 0.004664095940754157, G1_Z1s: 0.00015173137295594003, gA00: 1.2834032113642937,
  gA10: 0.0788904645072139, gA11: 2.216832005579121, gV00: 1.0215130681627531, gV10: 0.18209554126945687,
  gV11: 1.2750802297693888}
