{E0: 0.6799867579356073, E1: -0.2934011171641329, G1_G1_C0ps: 2.4541183242901573e-05,
  G1_G1_C0ss: 5.572177982522668e-05, G1_G1_C1ps: 1.7330416401220926e-05, G1_G1_C1ss: -5.173032964491685e-10,
  G1_G1_D0ps: -8.017711686144702e-06, G1_G1_D0ss: -1.6458561856229355e-05, G1_G1_D1ps: -5.653535587978005e-06,
  G1_G1_D1ss: -3.768162295792726e-08, G1_Z0p: 0.005835857446117715, G1_Z0s: 0.0002450785259146794,
  G1_Z1p: -1.2524868153998878, G1_Z1s: 7.08916017575765e-11, gA00: 1.2538662033281802,
  gA10: 0.009927042128754752, gA11: -12148.09404836734, gV00: 1.0190699034703563,
  gV10: -0.031683857751963, gV11: -4334.688671249908}
