{E0: 0.5703089029146217, E1: -0.6780798216647002, G1_G1_C0ps: -7.558698669935605e-08,
  G1_G1_C0ss: 8.06078218118375e-09, G1_G1_C1ps: -1.953570402485308e-07, G1_G1_C1ss: 6.067513734133043e-09,
  G1_G1_D0ps: -3.287422567588627e-07, G1_G1_D0ss: -4.1817441051002174e-10, G1_G1_D1ps: -3.667016103825155e-07,
  G1_G1_D1ss: -1.0552944036034435e-09, G1_Z0p: 0.005242458362108216, G1_Z0s: 2.319352808278025e-05,
  G1_Z1p: 0.0074839296163096035, G1_Z1s: 2.0455395058449705e-05, gA00: 1.3829691512905118,
  gA10: -0.17954578053559783, gA11: 1.7472321575237049, gV00: 1.0352608765423505,
  gV10: -0.05144033895413196, gV11: 1.3030160171471195}
