{E0: 0.6809991702588608, E1: -0.6127792089233468, G1_G1_C0ps: 9.364059231314542e-07,
  G1_G1_C0ss: -5.361319048643173e-08, G1_G1_C1ps: 6.059356810348759e-08, G1_G1_C1ss: -6.032571111945903e-08,
  G1_G1_D0ps: -1.214093682135491e-06, G1_G1_D0ss: -3.774594849948464e-08, G1_G1_D1ps: 5.901806125707192e-07,
  G1_G1_D1ss: -3.5428522373072094e-08, G1_Z0p: 0.005850089806860965, G1_Z0s: 0.00024606771648562304,
  G1_Z1p: 0.007498415816507639, G1_Z1s: 0.00019643266838645335, gA00: 1.2651143763710975,
  gA10: 0.04398835252301983, gA11: 1.5876292766594298, gV00: 1.0208474327212584, gV10: -0.04324199450250711,
  gV11: 1.1619958044129435}
