{E0: 0.6653164405743293, E1: -0.5053742202146922, G1_G1_C0ps: 8.007385388669074e-07,
  G1_G1_C0ss: 4.1960159645373654e-08, G1_G1_C1ps: 1.0020705933459098e-08, G1_G1_C1ss: -6.702955480388199e-09,
  G1_G1_D0ps: -6.313000292513322e-07, G1_G1_D0ss: 3.377507958607316e-08, G1_G1_D1ps: 2.344816752949684e-08,
  G1_G1_D1ss: -3.1831978945280044e-08, G1_Z0p: 0.0058629270276802075, G1_Z0s: 0.00025000509394097097,
  G1_Z1p: 0.023996650539173523, G1_Z1s: 3.504697642930066e-05, gA00: 1.2620754815169581,
  gA10: -0.026520364745793244, gA11: 1.833710596027512, gV00: 1.018962081914066, gV10: -0.0017233621231954647,
  gV11: 1.1869222188901225}
