{E0: 0.6816127255016982, E1: -0.29160936891058115, G1_G1_C0ps: 2.4643418038827158e-05,
  G1_G1_C0ss: 7.676363972078006e-05, G1_G1_C1ps: 1.7554896497914063e-05, G1_G1_C1ss: -4.973469398158367e-10,
  G1_G1_D0ps: -6.858390646911011e-06, G1_G1_D0ss: -1.5186366170504994e-05, G1_G1_D1ps: -5.626413840096417e-06,
  G1_G1_D1ss: -3.8332519148405717e-08, G1_Z0p: 0.005889180430580659, G1_Z0s: 0.0002473869898964686,
  G1_Z1p: -1.2580877819868992, G1_Z1s: 6.948631922179621e-11, gA00: 1.2538655293634071,
  gA10: 0.009753929932717311, gA11: -12656.244963585088, gV00: 1.0190596412147803,
  gV10: -0.03172319536486256, gV11: -4524.300340515426}
