{E0: 0.44587466395902553, E1: -0.7732892447686217, G1_G1_C0ps: 1.8487780772801805e-08,
  G1_G1_C0ss: 1.0656498429285208e-10, G1_G1_C1ps: 8.881191663219873e-10, G1_G1_C1ss: -1.2084550272218213e-11,
  G1_G1_D0ps: -3.9002362186195196e-08, G1_G1_D0ss: -1.3043222838814605e-10, G1_G1_D1ps: 5.287044534227854e-09,
  G1_G1_D1ss: -1.280574630302384e-10, G1_Z0p: 0.0019905945065110207, G1_Z0s: 1.1664557251095139e-05,
  G1_Z1p: 0.004598517721136675, G1_Z1s: 8.597860607377033e-06, gA00: 1.276008984785764,
  gA10: 0.06450981893331316, gA11: 1.3684062500389493, gV00: 1.0209601759653448, gV10: -0.08821816198240437,
  gV11: 0.9860135073122539}
