{E0: 0.6802928517488329, E1: -0.4398590270387977, G1_G1_C0ps: 5.260859676733755e-07,
  G1_G1_C0ss: 2.3347319358343002e-08, G1_G1_C1ps: 1.5454075021290388e-07, G1_G1_C1ss: 4.353307858912188e-09,
  G1_G1_D0ps: -1.01620848469122e-06, G1_G1_D0ss: -3.039325840395597e-08, G1_G1_D1ps: 1.9706232947432263e-06,
  G1_G1_D1ss: 5.394978850247119e-09, G1_Z0p: 0.0058117300962977755, G1_Z0s: 0.00024485577363982087,
  G1_Z1p: 0.01384834084015498, G1_Z1s: 0.0003722178225130721, gA00: 1.28635114445352,
  gA10: 0.10049134940579775, gA11: 1.566961520375718, gV00: 1.0207834930467563, gV10: -0.023383480112817198,
  gV11: 1.098022090024635}
