{E0: 0.6805440023065115, E1: -0.40211401453777906, G1_G1_C0ps: 4.997049916739895e-07,
  G1_G1_C0ss: 2.7018733158650263e-08, G1_G1_C1ps: 3.28094089387579e-07, G1_G1_C1ss: 2.0981876501843836e-08,
  G1_G1_D0ps: -1.2976230174990473e-06, G1_G1_D0ss: -9.721676923781041e-08, G1_G1_D1ps: 1.5435052740988477e-06,
  G1_G1_D1ss: -1.5296272303900406e-07, G1_Z0p: 0.005820406103110096, G1_Z0s: 0.0002452246919803946,
  G1_Z1p: 0.015266194337607508, G1_Z1s: 0.000393603018806917, gA00: 1.2856203645868685,
  gA10: 0.127404048854487, gA11: 1.5704245200406493, gV00: 1.0206536927988428, gV10: -0.01571815613442449,
  gV11: 1.0968950769373689}
