{E0: 0.6834936810820088, E1: -0.9303648091753911, G1_G1_C0ps: 9.98419213946445e-07,
  G1_G1_C0ss: 5.009112849915882e-08, G1_G1_C1ps: 4.498283793752435e-09, G1_G1_C1ss: -2.7742101962017816e-10,
  G1_G1_D0ps: -1.2322626155413384e-06, G1_G1_D0ss: -3.131039629135325e-08, G1_G1_D1ps: 6.609263516633219e-07,
  G1_G1_D1ss: -2.6453620370215507e-08, G1_Z0p: 0.005915154784586497, G1_Z0s: 0.00024772807487221553,
  G1_Z1p: 0.0036269155161915536, G1_Z1s: 0.00014198260133514262, gA00: 1.3159822082873145,
  gA10: -0.14489862305617454, gA11: 2.454427331157491, gV00: 1.0259417333557859, gV10: -0.04208984213078525,
  gV11: 1.380161539796495}
