{E0: 0.6806435508228159, E1: 0.030632445957913923, G1_G1_C0ps: -2.0838841050435716e-05,
  G1_G1_C0ss: 1.8616317822972218e-09, G1_G1_C1ps: -3.539700098320078e-05, G1_G1_C1ss: -5.901265941822574e-09,
  G1_G1_D0ps: -1.350930112776958e-05, G1_G1_D0ss: 7.647593566485719e-07, G1_G1_D1ps: -0.00010857678049088664,
  G1_G1_D1ss: -4.876736656666367e-08, G1_Z0p: 0.005858713481812426, G1_Z0s: 0.00024591656533624493,
  G1_Z1p: -1.9630095429291385, G1_Z1s: 4.526727420451396e-05, gA00: 1.2570533368841954,
  gA10: -0.057500480721133805, gA11: 1.1199713228488881, gV00: 1.0190162975953798,
  gV10: -0.0831064103036908, gV11: 0.9845881202559827}
