{E0: 0.4490353792086258, E1: -0.9129276342210998, G1_G1_C0ps: 4.523690555930993e-08,
  G1_G1_C0ss: 6.740315702882591e-10, G1_G1_C1ps: -6.591910993761371e-09, G1_G1_C1ss: 1.5781243647541632e-10,
  G1_G1_D0ps: -1.3167728673021514e-07, G1_G1_D0ss: -4.035765696358759e-10, G1_G1_D1ps: 7.76116532076547e-09,
  G1_G1_D1ss: -1.2592735699864143e-11, G1_Z0p: 0.0020441647955722693, G1_Z0s: 1.1839497371819421e-05,
  G1_Z1p: 0.0019419826769926007, G1_Z1s: 8.401069621824385e-06, gA00: 1.2957507333687155,
  gA10: 0.3065626152266433, gA11: 1.6978849915300465, gV00: 1.0210097886273275, gV10: -0.2284670044232584,
  gV11: 0.955293108462095}
