{E0: 0.6793894418868806, E1: -0.6362763516039512, G1_G1_C0ps: 1.0779012762747367e-06,
  G1_G1_C0ss: 4.776787822577493e-08, G1_G1_C1ps: -1.9808121557315583e-07, G1_G1_C1ss: -8.239532555729808e-09,
  G1_G1_D0ps: -1.315053141276754e-06, G1_G1_D0ss: -1.0053397869079453e-08, G1_G1_D1ps: 2.421473837718992e-07,
  G1_G1_D1ss: -2.0555616906826335e-08, G1_Z0p: 0.005798412693342016, G1_Z0s: 0.00024376641733483626,
  G1_Z1p: -0.007240352576131044, G1_Z1s: -0.00024688943952586327, gA00: 1.2715586706764808,
  gA10: -0.021528773247522125, gA11: 1.537011767153655, gV00: 1.0218569554239127,
  gV10: 0.08596346305548963, gV11: 1.1505858730095648}
