{E0: 0.5011786958636051, E1: -0.16394273779203106, G1_G1_C0ps: 2.995481976926893e-08,
  G1_G1_C0ss: 4.008400995734375e-10, G1_G1_C1ps: 1.0096782731657742e-09, G1_G1_C1ss: -2.6325228532098737e-11,
  G1_G1_D0ps: -5.202893570681808e-08, G1_G1_D0ss: -5.730410425669968e-10, G1_G1_D1ps: 4.534240912764479e-08,
  G1_G1_D1ss: -8.447837154670608e-10, G1_Z0p: 0.002419620120427175, G1_Z0s: 2.2862819744022515e-05,
  G1_Z1p: 0.0006060830107233841, G1_Z1s: 4.084214832165892e-06, gA00: 1.2385803840480873,
  gA10: 0.9484802124399345, gA11: 23.342693464305686, gV00: 1.0228809507787053, gV10: 0.7000446880716743,
  gV11: 6.091440000750522}
