{E0: 0.6847591963335788, E1: -0.5888380767597851, G1_G1_C0ps: 8.455678883757656e-07,
  G1_G1_C0ss: 7.669451868580504e-08, G1_G1_C1ps: -1.1245936081955434e-07, G1_G1_C1ss: 8.35274323805523e-09,
  G1_G1_D0ps: -4.97783058413911e-07, G1_G1_D0ss: -2.0043024120761675e-07, G1_G1_D1ps: 1.7314928230307327e-06,
  G1_G1_D1ss: -7.52396892335848e-08, G1_Z0p: 0.005968200701749606, G1_Z0s: 0.00024994622586756887,
  G1_Z1p: 0.005525746986449078, G1_Z1s: 0.00015647588580121276, gA00: 1.28055883891201,
  gA10: 0.09857580542532922, gA11: 2.2575711767198077, gV00: 1.0204427148862074, gV10: -0.025558008150268846,
  gV11: 1.2560753280126764}
