{E0: 0.7198805956099376, E1: -0.2999431181763253, G1_G1_C0ps: -2.8463359618924803e-05,
  G1_G1_C0ss: 6.88056768593992e-07, G1_G1_C1ps: -1.4547814689757076e-05, G1_G1_C1ss: 1.8321978851550652e-07,
  G1_G1_D0ps: -9.044411570453728e-05, G1_G1_D0ss: 8.486015703185166e-07, G1_G1_D1ps: -1.833822683391444e-05,
  G1_G1_D1ss: 7.736134064164544e-07, G1_Z0p: 0.012663417812642882, G1_Z0s: 0.00045901840175051556,
  G1_Z1p: 0.004771150282911962, G1_Z1s: 0.000383715469286185, gA00: 1.262151322537438,
  gA10: 0.39940737325002185, gA11: 0.4758016374232015, gV00: 0.9937595398180937, gV10: -0.16534965109555952,
  gV11: 0.6937072704573638}
