{E0: 0.6908109607190885, E1: -0.4841484918627027, G1_G1_C0ps: 1.1536907037814185e-05,
  G1_G1_C0ss: 0.00016640187601879014, G1_G1_C1ps: 6.267262852018464e-06, G1_G1_C1ss: -9.309966950823738e-09,
  G1_G1_D0ps: -2.625118033681284e-05, G1_G1_D0ss: -1.2636437612040472e-05, G1_G1_D1ps: -1.0158602011679095e-05,
  G1_G1_D1ss: -3.7657379335576205e-08, G1_Z0p: 0.006175238045995626, G1_Z0s: 0.00025704501603243944,
  G1_Z1p: -1.617283309037408, G1_Z1s: 1.3710039839173394e-12, gA00: 1.248323127474498,
  gA10: 0.011839594632044268, gA11: -242311.93677028458, gV00: 1.0180484813201593,
  gV10: -0.007349354839761707, gV11: -51469.39770769756}
