{E0: 0.68350137235668, E1: -0.7060485048631451, G1_G1_C0ps: 6.182794944419437e-06,
  G1_G1_C0ss: 2.3432176505389614e-07, G1_G1_C1ps: 4.2880329954956533e-07, G1_G1_C1ss: -5.0930252479978865e-09,
  G1_G1_D0ps: 2.202619923692706e-07, G1_G1_D0ss: 1.2687001031808888e-07, G1_G1_D1ps: -4.998022327255037e-07,
  G1_G1_D1ss: -3.454227326768243e-08, G1_Z0p: 0.005935655087596059, G1_Z0s: 0.0002490861348717585,
  G1_Z1p: 0.005033148922914467, G1_Z1s: 0.000132723619499806, gA00: 1.2715264636212544,
  gA10: -0.27169062781967684, gA11: 2.0083296772671066, gV00: 1.0205443624966135,
  gV10: -0.325238219142859, gV11: 1.2113643365106936}
