{E0: 0.6821562210733682, E1: -0.8029863690790343, G1_G1_C0ps: 7.822695647303583e-07,
  G1_G1_C0ss: 5.207867204102782e-08, G1_G1_C1ps: -5.489001878176297e-08, G1_G1_C1ss: 2.1703755951500667e-09,
  G1_G1_D0ps: -1.2765909243846759e-06, G1_G1_D0ss: -3.58101790648537e-08, G1_G1_D1ps: 6.047243182959542e-07,
  G1_G1_D1ss: -2.7748198382052197e-08, G1_Z0p: 0.00589652687246047, G1_Z0s: 0.00024704661452280597,
  G1_Z1p: 0.004392713254391274, G1_Z1s: 0.00014704505945584612, gA00: 1.2840963253071684,
  gA10: -0.04792453271321143, gA11: 2.052526098323746, gV00: 1.0216867496325408, gV10: -0.03741066469723652,
  gV11: 1.2237415595471877}
