{E0: 0.6818543895488595, E1: -0.016836860341896846, G1_G1_C0ps: 1.3406612000890853e-05,
  G1_G1_C0ss: -2.186049789218696e-07, G1_G1_C1ps: 4.984645412285741e-06, G1_G1_C1ss: -2.6078596288670628e-09,
  G1_G1_D0ps: 6.627827414489005e-06, G1_G1_D0ss: 2.5250588115291296e-06, G1_G1_D1ps: 8.121233868080491e-06,
  G1_G1_D1ss: -6.361702222582999e-08, G1_Z0p: 0.00589341972759513, G1_Z0s: 0.0002476478865970893,
  G1_Z1p: -14.291825699333227, G1_Z1s: 2.417285581864889e-07, gA00: 1.256814072004208,
  gA10: -0.049758619605896746, gA11: -0.4031095898716264, gV00: 1.0190072213828776,
  gV10: -0.06885366557918975, gV11: 0.40735469069147706}
