{E0: 0.4529390658928204, E1: -0.6435846447122197, G1_G1_C0ps: 1.999763509580784e-08,
  G1_G1_C0ss: 1.0000510750905276e-10, G1_G1_C1ps: -4.8581184914335425e-11, G1_G1_C1ss: -3.154940315171165e-12,
  G1_G1_D0ps: -3.0037041823700825e-08, G1_G1_D0ss: -1.9985842220080016e-10, G1_G1_D1ps: -7.609338398513597e-10,
  G1_G1_D1ss: -8.745349056821123e-11, G1_Z0p: 0.0021043401451207064, G1_Z0s: 1.2130880645686522e-05,
  G1_Z1p: 0.002545918318867125, G1_Z1s: -4.880959079123798e-07, gA00: 1.276811101580668,
  gA10: -0.34201692548965074, gA11: -9.301484099726292, gV00: 1.022597221138797, gV10: -0.05321788618631886,
  gV11: 1.4390832839736507}
