{E0: 0.44445956365788414, E1: -0.6870843074263229, G1_G1_C0ps: 4.4722419982883004e-07,
  G1_G1_C0ss: 1.1013912779653088e-10, G1_G1_C1ps: -1.219132634862324e-06, G1_G1_C1ss: -8.237758443218725e-12,
  G1_G1_D0ps: -3.0292326748480027e-07, G1_G1_D0ss: -2.3001855741273938e-10, G1_G1_D1ps: 7.287847131536854e-07,
  G1_G1_D1ss: -8.371933294566106e-11, G1_Z0p: 0.001968149662632512, G1_Z0s: 1.1574234447918481e-05,
  G1_Z1p: 3.594209886542089, G1_Z1s: 2.1460939813877794e-08, gA00: 1.278897051410677,
  gA10: 0.005258565268180243, gA11: 1.2987291874708076, gV00: 1.0220162114331595,
  gV10: -0.008538739203317838, gV11: 1.0089734033868791}
