{E0: 0.6857977378644057, E1: -0.47218668430119637, G1_G1_C0ps: 2.6787450703639038e-05,
  G1_G1_C0ss: -0.00048197951655103865, G1_G1_C1ps: 4.9557997370023084e-06, G1_G1_C1ss: -2.5952069234800322e-11,
  G1_G1_D0ps: -1.0066656815189016e-05, G1_G1_D0ss: 7.580659768095135e-05, G1_G1_D1ps: -7.759159280805288e-06,
  G1_G1_D1ss: -3.5636959524111516e-08, G1_Z0p: 0.0060229831585961, G1_Z0s: 0.0002525109943806671,
  G1_Z1p: -0.8188717085355851, G1_Z1s: 6.830566938011562e-12, gA00: 1.2496857326096633,
  gA10: 0.01861612633713043, gA11: -97181.10411426451, gV00: 1.0191103237204486, gV10: -0.011961547499980808,
  gV11: -28409.348094284393}
