{E0: 0.6235264679507151, E1: 0.4751549567926022, G1_G1_C0ps: -0.00011638266856733365,
  G1_G1_C0ss: -4.239805792415793e-08, G1_G1_C1ps: -0.00025259960533409096, G1_G1_C1ss: 1.267955734326391e-06,
  G1_G1_D0ps: 0.052104991925827446, G1_G1_D0ss: 3.75286305306321e-05, G1_G1_D1ps: 0.09480963320156545,
  G1_G1_D1ss: -0.0016147247392339756, G1_Z0p: 0.00576175047514442, G1_Z0s: 8.313134202307571e-05,
  G1_Z1p: 0.00329411724852064, G1_Z1s: 0.0003465418444659861, gA00: 1.294310254178344,
  gA10: -7005.929657065203, gA11: 13.656920901853791, gV00: 1.0177219025322826, gV10: 6.173378603594378,
  gV11: 0.821688725352766}
