{E0: 0.6863314339304458, E1: -0.6541452828874336, G1_G1_C0ps: 8.656720554601601e-07,
  G1_G1_C0ss: 3.671883906723901e-08, G1_G1_C1ps: 4.138087939300796e-09, G1_G1_C1ss: -3.751955997886286e-09,
  G1_G1_D0ps: 1.6378434529052356e-06, G1_G1_D0ss: 8.971637718055037e-08, G1_G1_D1ps: 1.0944891230239968e-06,
  G1_G1_D1ss: -1.879206117532712e-08, G1_Z0p: 0.006004955225733077, G1_Z0s: 0.00025182333872157453,
  G1_Z1p: 0.004377259409272395, G1_Z1s: 0.00015036011435210143, gA00: 1.31273062902961,
  gA10: -0.21434392985229098, gA11: 3.025240567523744, gV00: 1.0217480569898674, gV10: -0.0017657249894633793,
  gV11: 1.3528483903467323}
