{E0: 0.7107556419388437, E1: -0.46191279240508887, G1_G1_C0ps: 4.269263963378355e-06,
  G1_G1_C0ss: -4.3967906517355906e-06, G1_G1_C1ps: 6.2203984873786e-06, G1_G1_C1ss: -9.70930035148104e-09,
  G1_G1_D0ps: -9.270666984651554e-06, G1_G1_D0ss: 6.138557236118022e-07, G1_G1_D1ps: -1.548758983845534e-05,
  G1_G1_D1ss: -4.198732895932624e-08, G1_Z0p: 0.006097093506870332, G1_Z0s: 0.0002500429532588787,
  G1_Z1p: -1.2733381604653047, G1_Z1s: 6.602385258630353e-11, gA00: 1.2458689836039827,
  gA10: 0.02343729036900933, gA11: -5665.97998781351, gV00: 1.0162048894746225, gV10: -0.009734037487009751,
  gV11: -1348.6954194054144}
