{E0: 0.6898769950331151, E1: -0.05705033457182196, G1_G1_C0ps: 1.1013264797254307e-06,
  G1_G1_C0ss: 4.324139738719424e-08, G1_G1_C1ps: -1.081897974955918e-07, G1_G1_C1ss: 4.626936735112733e-09,
  G1_G1_D0ps: -1.806850061527389e-06, G1_G1_D0ss: -5.593972102389622e-09, G1_G1_D1ps: 8.615018009200738e-07,
  G1_G1_D1ss: -2.355435339344607e-08, G1_Z0p: 0.006141244951173003, G1_Z0s: 0.0002566763501120452,
  G1_Z1p: 0.004758906191169887, G1_Z1s: 0.0003102185005384717, gA00: 1.2173944040881746,
  gA10: 0.24149778620109047, gA11: 0.7292330249840815, gV00: 1.015415617644622, gV10: -0.11250942222834524,
  gV11: 0.8302769157526284}
