{E0: 0.4449817561118044, E1: -0.6254772234731221, G1_G1_C0ps: 2.662350334742634e-08,
  G1_G1_C0ss: 1.5105086903707275e-10, G1_G1_C1ps: 3.117001692143057e-08, G1_G1_C1ss: 7.67954364620614e-11,
  G1_G1_D0ps: -3.592922407169959e-08, G1_G1_D0ss: 1.152401766734561e-11, G1_G1_D1ps: -2.2283677471389084e-08,
  G1_G1_D1ss: -4.08491008260918e-11, G1_Z0p: 0.00198463347250404, G1_Z0s: 1.1601753035033924e-05,
  G1_Z1p: 0.005482772121607927, G1_Z1s: 1.4256855473084441e-05, gA00: 1.2805235178064625,
  gA10: 0.04703967384758515, gA11: 1.3272508214649283, gV00: 1.021188629188295, gV10: -0.09843885028125932,
  gV11: 1.0003507951484827}
