{E0: 0.6808603168929476, E1: -0.29382294054830904, G1_G1_C0ps: 2.163682777895467e-05,
  G1_G1_C0ss: -5.850586827085296e-05, G1_G1_C1ps: 1.688748399600645e-05, G1_G1_C1ss: -6.72191466207754e-10,
  G1_G1_D0ps: -8.226881090229448e-06, G1_G1_D0ss: -4.700032301452629e-06, G1_G1_D1ps: -5.554919243270684e-06,
  G1_G1_D1ss: -3.8026515482478504e-08, G1_Z0p: 0.005864337341034143, G1_Z0s: 0.0002465359682378237,
  G1_Z1p: -1.1696398627360278, G1_Z1s: 9.978113096566163e-11, gA00: 1.2539640938689396,
  gA10: 0.010388512220862352, gA11: -9356.632542348785, gV00: 1.0190537530565003,
  gV10: -0.03292573127327869, gV11: -3314.6401260351936}
