{E0: 0.694553337755114, E1: -0.4813440829337851, G1_G1_C0ps: 9.997425640306882e-07,
  G1_G1_C0ss: 5.000721043530843e-08, G1_G1_C1ps: -1.3240934660859011e-08, G1_G1_C1ss: -1.3011710509548511e-08,
  G1_G1_D0ps: -1.0011121319270745e-06, G1_G1_D0ss: -3.997913591793709e-08, G1_G1_D1ps: -5.721051247763697e-08,
  G1_G1_D1ss: -3.765028402298885e-08, G1_Z0p: 0.006264049159845453, G1_Z0s: 0.00026017015803252847,
  G1_Z1p: -0.005172966501822978, G1_Z1s: 6.12465595562167e-06, gA00: 1.2484688265302113,
  gA10: 0.21751166250104362, gA11: -16.47221490443365, gV00: 1.0172929830366333, gV10: -0.11749128568530037,
  gV11: -1.2155561966246415}
