{E0: 0.683495804478801, E1: -0.3433348521228142, G1_G1_C0ps: -3.662192035536519e-05,
  G1_G1_C0ss: -0.0007208967289234068, G1_G1_C1ps: -3.417874457655236e-05, G1_G1_C1ss: 1.0811235669363294e-08,
  G1_G1_D0ps: -6.370543918701834e-06, G1_G1_D0ss: 2.8901036431597117e-06, G1_G1_D1ps: -4.5823027827002755e-06,
  G1_G1_D1ss: -3.738203359007619e-08, G1_Z0p: 0.005951737366751416, G1_Z0s: 0.00024995123026542857,
  G1_Z1p: -0.6834531861706292, G1_Z1s: 9.513205087230734e-11, gA00: 1.2528176284446348,
  gA10: 0.014438485795653707, gA11: -14566.021139072436, gV00: 1.0194742248206632,
  gV10: 0.117675021782929, gV11: 11612.695845218435}
