{E0: 0.7151095607041075, E1: -0.9925843748697879, E2: -0.31366050115648086, G1_G1_C0ps: 1.1247103093229608e-06,
  G1_G1_C0ss: 3.556816612152538e-08, G1_G1_C1ps: -5.7778603884408236e-08, G1_G1_C1ss: 6.732026394820913e-10,
  G1_G1_D0ps: -1.053865432283208e-06, G1_G1_D0ss: -2.898387221893891e-08, G1_G1_D1ps: 6.005708560219936e-07,
  G1_G1_D1ss: -1.2808456877702094e-08, G1_G1_D2ps: -1.0407535076955247e-07, G1_G1_D2ss: 1.2973495573595414e-09,
  G1_Z0p: 0.006299987986461375, G1_Z0s: 0.0002534884209542885, G1_Z1p: 0.002614028183610774,
  G1_Z1s: 0.0001198108373496796, G1_Z2p: 0.003244108794287184, G1_Z2s: 0.00030231143506149387,
  gA00: 1.2074741639918793, gA10: 0.02522951407778042, gA11: -0.5200868890084228,
  gA20: 0.1072011108408031, gA21: -0.26466824034847874, gA22: 0.12368559412876687,
  gV00: 1.0068738462209152, gV10: -0.17593748568559658, gV11: -0.016110696857223196}
