{E0: 0.6856713292977146, E1: -0.09116121572865729, G1_G1_C0ps: 4.627386732112651e-06,
  G1_G1_C0ss: -8.11073376989289e-06, G1_G1_C1ps: 2.4661238596385538e-05, G1_G1_C1ss: -3.522691871026576e-08,
  G1_G1_D0ps: 0.0001621562615014679, G1_G1_D0ss: 0.00020320058136590895, G1_G1_D1ps: 0.0002702424867962173,
  G1_G1_D1ss: 1.2569695784846099e-07, G1_Z0p: 0.0060021674917322305, G1_Z0s: 0.00025166092363934845,
  G1_Z1p: -2.8060743733018745, G1_Z1s: 2.021559512930798e-11, gA00: 1.2741030938710611,
  gA10: -0.24059851226576506, gA11: -140526.15251430383, gV00: 1.0174149557787409,
  gV10: -0.021965340697857043, gV11: -5181.982951502907}
