{E0: 0.4445493417835066, E1: -1.0917852379358484, G1_G1_C0ps: 1.673405034496148e-08,
  G1_G1_C0ss: 1.0584114196900975e-11, G1_G1_C1ps: 3.884624630579772e-09, G1_G1_C1ss: -3.570725309564753e-11,
  G1_G1_D0ps: 4.07592935042943e-08, G1_G1_D0ss: 4.1581029827067597e-10, G1_G1_D1ps: 1.3982484548252054e-08,
  G1_G1_D1ss: -6.990939912889621e-11, G1_Z0p: 0.0019631933867054184, G1_Z0s: 1.1557938157852064e-05,
  G1_Z1p: 0.00285020419863657, G1_Z1s: 6.887018378631656e-06, gA00: 1.26797936953455,
  gA10: -0.22499773504134743, gA11: 0.9748207810626468, gV00: 1.019742622923263, gV10: -0.04609250918781279,
  gV11: 0.9636071398355046}
