{E0: 0.44810566529587176, E1: -0.9625958139031329, G1_G1_C0ps: 1.9002955945279793e-08,
  G1_G1_C0ss: 1.042490877330229e-10, G1_G1_C1ps: 1.5688758175899818e-09, G1_G1_C1ss: -7.223963370287589e-12,
  G1_G1_D0ps: -3.994295643506903e-08, G1_G1_D0ss: -1.245889000630077e-10, G1_G1_D1ps: 1.5645511181229207e-08,
  G1_G1_D1ss: -1.282079961345088e-10, G1_Z0p: 0.0020370167835627832, G1_Z0s: 1.1756394451109909e-05,
  G1_Z1p: 0.0016879391489739693, G1_Z1s: 9.016417519109146e-06, gA00: 1.3045591994762629,
  gA10: -0.024748064325514775, gA11: 1.7402486208679622, gV00: 1.0228961229351607,
  gV10: -0.07738106738320484, gV11: 0.9959734086963464}
