{E0: 0.4462501214119247, E1: -0.74240808039332, G1_G1_C0ps: 1.575406529657626e-08,
  G1_G1_C0ss: 6.44408067965591e-11, G1_G1_C1ps: -1.3652078200657136e-10, G1_G1_C1ss: -2.5752070513136505e-11,
  G1_G1_D0ps: -3.901118147231897e-08, G1_G1_D0ss: -2.466956221848309e-12, G1_G1_D1ps: -1.2005280612377908e-08,
  G1_G1_D1ss: -8.948084443074273e-11, G1_Z0p: 0.001996741938083876, G1_Z0s: 1.1694859151399773e-05,
  G1_Z1p: 0.004995688049314611, G1_Z1s: 8.452743216881672e-06, gA00: 1.2755019225387336,
  gA10: 0.026457574408380438, gA11: 1.374666225500266, gV00: 1.0214807503909629, gV10: -0.07886715644750825,
  gV11: 0.9920008124185605}
