{E0: 0.444910331008184, E1: -0.6133851469087817, G1_G1_C0ps: 2.0778295453908317e-08,
  G1_G1_C0ss: 2.3843912073799975e-10, G1_G1_C1ps: 1.8186871168916396e-09, G1_G1_C1ss: 1.9935765075133383e-10,
  G1_G1_D0ps: -6.609268264060348e-08, G1_G1_D0ss: -1.1985118900880747e-10, G1_G1_D1ps: -4.0900644171241503e-08,
  G1_G1_D1ss: -4.370574042233525e-11, G1_Z0p: 0.0019843104236684757, G1_Z0s: 1.1597753926397506e-05,
  G1_Z1p: 0.005625374315035669, G1_Z1s: 1.4625195794463462e-05, gA00: 1.2786802809447704,
  gA10: 0.18119621863849794, gA11: 1.3212484483904718, gV00: 1.021188701749444, gV10: -0.11400068212094634,
  gV11: 0.9989135031247949}
