{E0: 0.7132738874200893, E1: -0.9215285385501635, G1_G1_C0ps: 2.877604622209685e-07,
  G1_G1_C0ss: 1.6341471207525827e-08, G1_G1_C1ps: 5.698815242502793e-09, G1_G1_C1ss: -2.3944866981072605e-09,
  G1_G1_D0ps: -3.871415041274999e-05, G1_G1_D0ss: -6.758974662123739e-07, G1_G1_D1ps: -2.4159057954892246e-06,
  G1_G1_D1ss: 5.2946975939430384e-08, G1_Z0p: 0.006237743792007696, G1_Z0s: 0.0002522918217171861,
  G1_Z1p: 0.00328549273359976, G1_Z1s: 0.00012131671092422921, gA00: 1.1739474192045891,
  gA10: 1.2507297785605138, gA11: -1.9910544563956147, gV00: 1.018120484801112, gV10: 0.012594512414145043,
  gV11: 1.2355992196125176}
