{E0: 0.6976214824331575, E1: -0.18766775837012062, G1_G1_C0ps: 9.997726508183999e-07,
  G1_G1_C0ss: 5.0006531801015135e-08, G1_G1_C1ps: -4.490515862842022e-09, G1_G1_C1ss: -3.7927870413525117e-08,
  G1_G1_D0ps: -1.0005673970517353e-06, G1_G1_D0ss: -3.998943044340752e-08, G1_G1_D1ps: -1.120626998457474e-08,
  G1_G1_D1ss: -6.137420493844739e-08, G1_Z0p: 0.006317639232969749, G1_Z0s: 0.00026341905981933946,
  G1_Z1p: 0.02437508496394721, G1_Z1s: -3.4569034251880074e-06, gA00: 1.258707218531884,
  gA10: 0.04601981793279248, gA11: -20.29272262419275, gV00: 1.0156905350771992, gV10: 0.08753270417854825,
  gV11: -0.17098243227766996}
