{E0: 0.6862970156787204, E1: -0.6730907364164167, G1_G1_C0ps: 9.95661624654758e-07,
  G1_G1_C0ss: 5.024655304034506e-08, G1_G1_C1ps: 9.94430513410129e-09, G1_G1_C1ss: -6.657522751317399e-10,
  G1_G1_D0ps: -1.2995440411450332e-06, G1_G1_D0ss: -2.908417798113716e-08, G1_G1_D1ps: 6.866066462858871e-07,
  G1_G1_D1ss: -2.9475334532270364e-08, G1_Z0p: 0.006001258231918587, G1_Z0s: 0.0002514116400945654,
  G1_Z1p: 0.004302284132928512, G1_Z1s: 0.00015299783546605198, gA00: 1.3196253593437173,
  gA10: -0.10067451232283733, gA11: 3.0716185102833884, gV00: 1.020618023697892, gV10: -0.013483730267007894,
  gV11: 1.2920344673575341}
