{E0: 0.6840557908214955, E1: -0.8845015847318021, G1_G1_C0ps: 9.99353482624018e-07,
  G1_G1_C0ss: 5.003602456187025e-08, G1_G1_C1ps: 1.714215744851899e-09, G1_G1_C1ss: -1.0704046021175085e-10,
  G1_G1_D0ps: -1.24530447124446e-06, G1_G1_D0ss: -3.0942648661831187e-08, G1_G1_D1ps: 6.504152915072713e-07,
  G1_G1_D1ss: -2.6912278981615692e-08, G1_Z0p: 0.005926884110730988, G1_Z0s: 0.0002482919077673278,
  G1_Z1p: 0.0038531510441728186, G1_Z1s: 0.00014404163740412403, gA00: 1.3032468125327303,
  gA10: -0.09916514365565005, gA11: 2.295562747637887, gV00: 1.0260459132613118, gV10: -0.03941851630498774,
  gV11: 1.3931332191597694}
