{E0: 0.6828352177760149, E1: -0.36130673847726946, G1_G1_C0ps: 9.6078521075737e-07,
  G1_G1_C0ss: 6.405832024860728e-08, G1_G1_C1ps: -1.638667302955316e-07, G1_G1_C1ss: 1.3252366858441802e-08,
  G1_G1_D0ps: -1.2400193442886638e-06, G1_G1_D0ss: -2.8173785638374678e-08, G1_G1_D1ps: 1.1907928238158643e-07,
  G1_G1_D1ss: -4.5220814128277137e-08, G1_Z0p: 0.005912165303506028, G1_Z0s: 0.0002485316363128928,
  G1_Z1p: 0.011894119044626238, G1_Z1s: 0.00025486261809095875, gA00: 1.2733102739547277,
  gA10: 0.11883922334662791, gA11: 1.845303228748993, gV00: 1.0194656499784431, gV10: -0.12727208343051627,
  gV11: 1.0640103101823453}
