{E0: 0.5924112340452916, E1: 0.544230918858515, G1_G1_C0ps: -2.234674629142569e-08,
  G1_G1_C0ss: 3.765566751862263e-10, G1_G1_C1ps: -4.2667150645161003e-08, G1_G1_C1ss: -3.006664985704574e-11,
  G1_G1_D0ps: 1.662659630379148e-07, G1_G1_D0ss: -5.571793292446187e-10, G1_G1_D1ps: -6.026882394666783e-07,
  G1_G1_D1ss: -8.773543998343018e-09, G1_Z0p: 0.005708048624927362, G1_Z0s: 2.5352586698702256e-05,
  G1_Z1p: 0.005587070759729767, G1_Z1s: -8.696633364537392e-05, gA00: 1.31900272620384,
  gA10: 0.09713903912140091, gA11: 0.6329145362941897, gV00: 1.034913219493504, gV10: 0.10105650455237931,
  gV11: 1.355298790496022}
