{E0: 0.6836957507315583, E1: -0.7180598264845404, G1_G1_C0ps: 9.982388461578756e-07,
  G1_G1_C0ss: 5.009162896231264e-08, G1_G1_C1ps: 4.119868282497344e-09, G1_G1_C1ss: -3.3640876414436805e-10,
  G1_G1_D0ps: -1.2331360214113296e-06, G1_G1_D0ss: -3.21277409061763e-08, G1_G1_D1ps: 5.453752400362481e-07,
  G1_G1_D1ss: -2.8902400334447708e-08, G1_Z0p: 0.005941802014262352, G1_Z0s: 0.0002492561276244641,
  G1_Z1p: 0.004866887368336625, G1_Z1s: 0.00013008533269413794, gA00: 1.2722315522177179,
  gA10: -0.023483915527902913, gA11: 2.047797104806118, gV00: 1.0205651433538978,
  gV10: -0.03734994528618788, gV11: 1.2161697308624098}
