{E0: 0.6801412628184348, E1: -0.012597522094207355, G1_G1_C0ps: -2.2218854442583672e-05,
  G1_G1_C0ss: -0.010981909961018428, G1_G1_C1ps: 6.688775169825221e-05, G1_G1_C1ss: 8.625396440218354e-09,
  G1_G1_D0ps: -1.5672093118954256e-06, G1_G1_D0ss: 0.001333219852286322, G1_G1_D1ps: -5.24253536781647e-07,
  G1_G1_D1ss: -6.553320940439294e-08, G1_Z0p: 0.005833787727527037, G1_Z0s: 0.00024630759180653154,
  G1_Z1p: 1.6148281347724662, G1_Z1s: -1.213049854477868e-11, gA00: 1.2349467468240451,
  gA10: -0.0008027374366244855, gA11: -54827.001932896375, gV00: 1.0194070074176593,
  gV10: 0.11834459133028748, gV11: -113908.8266955703}
