{E0: 0.716427905868223, E1: -0.2062729507799468, G1_G1_C0ps: -0.00017147914077265229,
  G1_G1_C0ss: -1.6497729439951846e-05, G1_G1_C1ps: -1.6793170703427917e-06, G1_G1_C1ss: 7.15608245106952e-08,
  G1_G1_D0ps: -5.5565902230939116e-05, G1_G1_D0ss: -3.1751117478637646e-06, G1_G1_D1ps: -1.004260677371077e-06,
  G1_G1_D1ss: 3.3296100792249154e-08, G1_Z0p: 0.006308826986851921, G1_Z0s: 0.0002596686272809508,
  G1_Z1p: 6.760590027884549e-05, G1_Z1s: -2.1471963028302497e-06, gA00: 1.2457374770272183,
  gA10: -0.08304609823090957, gA11: -10790.266068593766, gV00: 1.0168010744971583,
  gV10: 0.40400242865201086, gV11: -3463.8939574833207}
