{E0: 0.6833966357130016, E1: -0.7207261620538685, G1_G1_C0ps: 1.1270422607035323e-05,
  G1_G1_C0ss: -3.816570619491136e-07, G1_G1_C1ps: 2.355259499017841e-06, G1_G1_C1ss: -1.9401787564835142e-07,
  G1_G1_D0ps: -9.812166576465574e-07, G1_G1_D0ss: -3.477873547346886e-07, G1_G1_D1ps: 1.5239051359898535e-06,
  G1_G1_D1ss: -9.152244701764924e-08, G1_Z0p: 0.005933410816111379, G1_Z0s: 0.0002489788630747069,
  G1_Z1p: 0.004953743537850933, G1_Z1s: 0.00013189608348143137, gA00: 1.2709286651615601,
  gA10: 0.11248762904352555, gA11: 2.0048579883378363, gV00: 1.0181193210848738, gV10: -0.475271912359814,
  gV11: 0.8556206632343183}
