{E0: 0.569083194747495, E1: -0.6877460927031163, G1_G1_C0ps: -2.850716539420953e-08,
  G1_G1_C0ss: 2.949081109614563e-09, G1_G1_C1ps: -4.235486295519788e-08, G1_G1_C1ss: 2.4090394154032507e-09,
  G1_G1_D0ps: -4.1293346748852346e-07, G1_G1_D0ss: -4.6193219265650306e-10, G1_G1_D1ps: -2.664531585627818e-07,
  G1_G1_D1ss: -5.075218872584237e-10, G1_Z0p: 0.005218544899746213, G1_Z0s: 2.3065718215501476e-05,
  G1_Z1p: 0.0072834288213565425, G1_Z1s: 2.1030598501092324e-05, gA00: 1.3826071373124669,
  gA10: -0.006299721328637905, gA11: 1.7277755673830202, gV00: 1.0209465559021011,
  gV10: 0.038863401272710735, gV11: 1.2051197709190555}
