{E0: 0.5809849680203146, E1: -0.19252480193870714, G1_G1_C0ps: -6.492006642582845e-08,
  G1_G1_C0ss: 2.160591918504978e-10, G1_G1_C1ps: -4.596415953486999e-08, G1_G1_C1ss: 1.672948810894162e-10,
  G1_G1_D0ps: 1.7214996722581356e-07, G1_G1_D0ss: -5.7905597594045516e-11, G1_G1_D1ps: 7.504037948404557e-08,
  G1_G1_D1ss: -3.075666431127603e-10, G1_Z0p: 0.005640246911913565, G1_Z0s: 2.4275545096883704e-05,
  G1_Z1p: -0.0005227501506495933, G1_Z1s: 3.061883161500481e-05, gA00: 1.2969850850699505,
  gA10: 0.20724709606284028, gA11: 0.900523175141669, gV00: 1.0217782169776453, gV10: 0.05069190519200911,
  gV11: 1.1186595168717994}
