{E0: 0.4456797383706352, E1: -0.6344369394657678, G1_G1_C0ps: 1.8884284118392207e-08,
  G1_G1_C0ss: 1.2052987989548374e-10, G1_G1_C1ps: 1.4869073631198346e-10, G1_G1_C1ss: 2.6073055126771445e-11,
  G1_G1_D0ps: -3.7173417618409353e-08, G1_G1_D0ss: -5.630897217046529e-11, G1_G1_D1ps: 1.949151418258491e-08,
  G1_G1_D1ss: -8.008802711047267e-11, G1_Z0p: 0.0019868085973285664, G1_Z0s: 1.1657079857099393e-05,
  G1_Z1p: 0.007492781713222234, G1_Z1s: 1.2204588714295153e-05, gA00: 1.2718759885617787,
  gA10: 0.10705242828419702, gA11: 1.2837656464896594, gV00: 1.0217737285269275, gV10: -0.08974340169174816,
  gV11: 1.00544106346689}
