{E0: 0.6827733748562587, E1: -0.8044972784030815, G1_G1_C0ps: 9.702104709856578e-07,
  G1_G1_C0ss: 1.878595314691812e-08, G1_G1_C1ps: 5.209066645339311e-09, G1_G1_C1ss: -1.0914546775959218e-08,
  G1_G1_D0ps: -4.4441800824642385e-06, G1_G1_D0ss: -6.862595540049528e-09, G1_G1_D1ps: -6.208753546154e-07,
  G1_G1_D1ss: -1.2003133930608677e-08, G1_Z0p: 0.005911277112964614, G1_Z0s: 0.0002473552323944434,
  G1_Z1p: 0.004323143761825616, G1_Z1s: 0.00014839264948480037, gA00: 1.281700446544413,
  gA10: -0.01915540434815664, gA11: 2.037690950515921, gV00: 1.0222046966974783, gV10: -0.034482025276041925,
  gV11: 1.262019208464699}
