{E0: 0.4471180385433954, E1: -0.7437635250699434, G1_G1_C0ps: 1.8814367351617267e-08,
  G1_G1_C0ss: 1.0517189353640936e-10, G1_G1_C1ps: 6.840870507677441e-10, G1_G1_C1ss: -1.1416263658988171e-11,
  G1_G1_D0ps: -3.7685542397557604e-08, G1_G1_D0ss: -1.4031349264756478e-10, G1_G1_D1ps: 4.434408954108407e-09,
  G1_G1_D1ss: -1.3174998673683935e-10, G1_Z0p: 0.0020095055889118897, G1_Z0s: 1.175981982253635e-05,
  G1_Z1p: 0.005174273762968871, G1_Z1s: 7.915733436094728e-06, gA00: 1.278736373874343,
  gA10: 0.05084030435983721, gA11: 1.3933457447356796, gV00: 1.0217003119491224, gV10: -0.08600152052955562,
  gV11: 0.9964092801267985}
