{E0: 0.6825494616906936, E1: 0.0047554164154298435, G1_G1_C0ps: -1.11172753675971e-06,
  G1_G1_C0ss: 8.77575313661498e-06, G1_G1_C1ps: 5.016398534378075e-07, G1_G1_C1ss: -5.2074084154278e-09,
  G1_G1_D0ps: -2.1753360916127296e-05, G1_G1_D0ss: -0.000155603202213884, G1_G1_D1ps: 2.6144418888598983e-06,
  G1_G1_D1ss: 1.6109860812350038e-07, G1_Z0p: 0.005907895768735618, G1_Z0s: 0.00024815191005849905,
  G1_Z1p: -2.3029046402770774, G1_Z1s: 5.727163026382401e-10, gA00: 1.2711375781816172,
  gA10: -0.03378012162972167, gA11: -10147.726212890386, gV00: 1.0189538993420943,
  gV10: -0.011156422661491352, gV11: -1911.5319428775304}
