{E0: 0.5818738995536387, E1: 0.012815471236082196, G1_G1_C0ps: 7.583112866281384e-08,
  G1_G1_C0ss: 1.0009430180912063e-10, G1_G1_C1ps: -8.03001929655314e-08, G1_G1_C1ss: 8.252123494135912e-11,
  G1_G1_D0ps: 5.955210703828452e-07, G1_G1_D0ss: 5.470400741039748e-10, G1_G1_D1ps: -9.56205082274036e-08,
  G1_G1_D1ss: 7.578182573160547e-10, G1_Z0p: 0.005647318221520738, G1_Z0s: 2.4397137760288068e-05,
  G1_Z1p: -0.0009036637397027737, G1_Z1s: 4.2298137337906544e-05, gA00: 1.3141598014826517,
  gA10: -0.2505268243594468, gA11: 0.150403095913953, gV00: 1.0273630157506284, gV10: 0.04627316365340279,
  gV11: 1.1110263502024942}
