{E0: 0.6836781284979053, E1: -0.8354650522394277, G1_G1_C0ps: 9.968304295530334e-07,
  G1_G1_C0ss: 5.0177034022681574e-08, G1_G1_C1ps: 9.151266014021852e-09, G1_G1_C1ss: -6.268354924929798e-10,
  G1_G1_D0ps: -1.2115543201823601e-06, G1_G1_D0ss: -3.2397763497781845e-08, G1_G1_D1ps: 6.10805120903521e-07,
  G1_G1_D1ss: -2.6917716658795967e-08, G1_Z0p: 0.00594179513941705, G1_Z0s: 0.0002484996960512141,
  G1_Z1p: 0.0038725379770887785, G1_Z1s: 0.00013206298938169374, gA00: 1.2859643725860312,
  gA10: -0.07748909539184053, gA11: 2.255267501636931, gV00: 1.0214726886145478, gV10: -0.030325909342732736,
  gV11: 1.2713008176181857}
