{E0: 0.44540760842314403, E1: -0.7238004677808035, G1_G1_C0ps: 1.6279882459662506e-08,
  G1_G1_C0ss: 9.633097802370908e-11, G1_G1_C1ps: -1.76487706594364e-09, G1_G1_C1ss: -3.5929964354645538e-12,
  G1_G1_D0ps: -3.4343918813605745e-08, G1_G1_D0ss: -1.87102670106272e-10, G1_G1_D1ps: 2.6121442423493675e-08,
  G1_G1_D1ss: -1.5870242562803536e-10, G1_Z0p: 0.001988581587538147, G1_Z0s: 1.1651834814502373e-05,
  G1_Z1p: 0.00484661233890992, G1_Z1s: 9.829853940510086e-06, gA00: 1.2744286951947226,
  gA10: 0.10566673603166868, gA11: 1.3578017357931045, gV00: 1.023761508871998, gV10: -0.07825145199068906,
  gV11: 1.0496722471653126}
