{E0: 0.6822085952332466, E1: 0.15588478449705276, G1_G1_C0ps: 2.735971033973092e-07,
  G1_G1_C0ss: 1.109276814226309e-08, G1_G1_C1ps: -5.731269635097917e-08, G1_G1_C1ss: -1.2173535331212022e-09,
  G1_G1_D0ps: 2.269345003803307e-05, G1_G1_D0ss: 5.630633989714211e-07, G1_G1_D1ps: -1.1528474679451174e-05,
  G1_G1_D1ss: -1.9010875178728893e-07, G1_Z0p: 0.005891763400075423, G1_Z0s: 0.00024763239950144697,
  G1_Z1p: -0.15514254104447953, G1_Z1s: -0.001417835538209493, gA00: 1.2959009100696315,
  gA10: 0.3919874139964955, gA11: 3.376806030796196, gV00: 1.0193130245255402, gV10: 0.00222340431091982,
  gV11: 1.0596739594828901}
