{E0: 0.6850018708913055, E1: -0.46050905327287267, G1_G1_C0ps: 1.1115934199157813e-06,
  G1_G1_C0ss: 4.602090351302617e-08, G1_G1_C1ps: -3.2628955495948725e-08, G1_G1_C1ss: -3.6468833884819665e-09,
  G1_G1_D0ps: -8.241739205160808e-07, G1_G1_D0ss: -1.8111507403637658e-08, G1_G1_D1ps: 4.274948459803523e-07,
  G1_G1_D1ss: -3.936306229826988e-08, G1_Z0p: 0.005989417762854441, G1_Z0s: 0.0002510321712411347,
  G1_Z1p: 0.006721538948485248, G1_Z1s: 0.00015674830227377983, gA00: 1.2767800439047832,
  gA10: 0.059295464106940844, gA11: 2.583643500737949, gV00: 1.0203174224620748, gV10: -0.0018664329503451588,
  gV11: 1.3244812012371288}
