{E0: 0.6856927908352779, E1: -0.11662786057945532, G1_G1_C0ps: 4.466708674560147e-06,
  G1_G1_C0ss: -1.597418881970382e-05, G1_G1_C1ps: 2.234129473679494e-05, G1_G1_C1ss: -2.7443616329152805e-08,
  G1_G1_D0ps: 2.0235714323759288e-05, G1_G1_D0ss: 5.349838514293848e-05, G1_G1_D1ps: 0.00018058270012965026,
  G1_G1_D1ss: 1.1798493202297667e-07, G1_Z0p: 0.006002473087201633, G1_Z0s: 0.0002516934985257396,
  G1_Z1p: -3.5467854623778114, G1_Z1s: 3.547687547600423e-11, gA00: 1.273717166163973,
  gA10: -0.12644671953935047, gA11: -54591.36145611817, gV00: 1.0179068398842577,
  gV10: -0.015754139676697712, gV11: -3333.3577722775376}
