{E0: 0.7149005456162126, E1: -0.2596251138108756, G1_G1_C0ps: 8.376387371281805e-05,
  G1_G1_C0ss: 1.185740081378022e-05, G1_G1_C1ps: -4.872591378195518e-07, G1_G1_C1ss: 1.1197116002766259e-07,
  G1_G1_D0ps: -0.00014297133941601278, G1_G1_D0ss: 3.0238241688525147e-06, G1_G1_D1ps: 2.530197664808063e-06,
  G1_G1_D1ss: 7.507138114841538e-08, G1_Z0p: 0.006286563786356851, G1_Z0s: 0.00025624951688707666,
  G1_Z1p: -6.299780236398183e-06, G1_Z1s: 1.3986279312511423e-06, gA00: 1.245635838594985,
  gA10: 0.42083644355797317, gA11: -29033.428853142457, gV00: 1.015905512610234, gV10: -0.47821681948187067,
  gV11: -14209.381748983957}
