{E0: 0.6834472316713222, E1: -0.7063638628788459, G1_G1_C0ps: 1.0897001870514226e-06,
  G1_G1_C0ss: 4.2298323205421563e-07, G1_G1_C1ps: -1.6204315464248885e-06, G1_G1_C1ss: 7.304590144711178e-08,
  G1_G1_D0ps: -3.345469290539185e-07, G1_G1_D0ss: 2.5413159963253043e-08, G1_G1_D1ps: 1.029799931224444e-06,
  G1_G1_D1ss: -8.691496919395186e-09, G1_Z0p: 0.005937431768158551, G1_Z0s: 0.00024863680321490073,
  G1_Z1p: 0.004631030773723235, G1_Z1s: 0.00015085674886973453, gA00: 1.2832134320147843,
  gA10: -0.03613813988776169, gA11: 2.2109174364546975, gV00: 1.017976232439346, gV10: -0.3994969165056761,
  gV11: 0.8517749121101512}
