{E0: 0.4924419985713412, E1: -0.8650314880379629, G1_G1_C0ps: 3.0474861102120805e-08,
  G1_G1_C0ss: 3.954558926576011e-10, G1_G1_C1ps: -2.3321027151657127e-11, G1_G1_C1ss: 3.011601629425212e-11,
  G1_G1_D0ps: -5.507654248498546e-08, G1_G1_D0ss: -4.980188209125421e-10, G1_G1_D1ps: 9.58780059443031e-09,
  G1_G1_D1ss: -4.073571901214798e-10, G1_Z0p: 0.002289864264016138, G1_Z0s: 2.168361647983791e-05,
  G1_Z1p: 0.003873641061888688, G1_Z1s: 1.0653833462994623e-05, gA00: 1.2622787731707288,
  gA10: -0.02084905146727149, gA11: 1.5250270245904383, gV00: 1.023610941588231, gV10: -0.05981156725163496,
  gV11: 1.0547925104593037}
