{E0: 0.49229727010014884, E1: -1.1484927513059413, G1_G1_C0ps: 3.0626682298276404e-08,
  G1_G1_C0ss: 9.738485101775456e-11, G1_G1_C1ps: 2.7319379280851328e-09, G1_G1_C1ss: -6.979839647006761e-11,
  G1_G1_D0ps: 1.416767912743005e-07, G1_G1_D0ss: 2.5041870056055766e-10, G1_G1_D1ps: 9.305478223183903e-08,
  G1_G1_D1ss: -2.916161739463904e-10, G1_Z0p: 0.002291927251216958, G1_Z0s: 2.152137849860086e-05,
  G1_Z1p: 0.0015731373897975621, G1_Z1s: 1.3095970946681324e-05, gA00: 1.2958311097916067,
  gA10: -0.16517703463490213, gA11: 1.8790784557855078, gV00: 1.0240220278325352,
  gV10: -0.04848394711156792, gV11: 1.0455170506417355}
