{E0: 0.6822418158971465, E1: -0.21974021387721218, G1_G1_C0ps: 2.7731716432635436e-07,
  G1_G1_C0ss: 1.5455809686077604e-08, G1_G1_C1ps: 3.131305081040991e-07, G1_G1_C1ss: 1.0385768797700451e-08,
  G1_G1_D0ps: 3.701401775873312e-07, G1_G1_D0ss: 7.983816229612629e-08, G1_G1_D1ps: 7.027421922073178e-07,
  G1_G1_D1ss: 1.9928955896522021e-07, G1_Z0p: 0.005877910232647202, G1_Z0s: 0.00024751016353448033,
  G1_Z1p: 0.026185277783374577, G1_Z1s: 0.00047191588488922727, gA00: 1.2816698017630281,
  gA10: -0.011848439183195522, gA11: 1.6218089880043784, gV00: 1.0199591379180455,
  gV10: 0.011209099321520496, gV11: 1.096422810955523}
