{E0: 0.6902229250706465, E1: -0.05480750061846989, G1_G1_C0ps: 1.102115034205e-06,
  G1_G1_C0ss: 4.31829248632952e-08, G1_G1_C1ps: -1.092377084863874e-07, G1_G1_C1ss: 4.668759440970542e-09,
  G1_G1_D0ps: -1.813337473187977e-06, G1_G1_D0ss: -5.2874793222916624e-09, G1_G1_D1ps: 8.700689617928633e-07,
  G1_G1_D1ss: -2.377330532261637e-08, G1_Z0p: 0.006145785555418536, G1_Z0s: 0.0002568371491682511,
  G1_Z1p: 0.004754404848433199, G1_Z1s: 0.0003103531980797107, gA00: 1.217798819366874,
  gA10: 0.23895145165712167, gA11: 0.7224605946551556, gV00: 1.0153957480756761, gV10: -0.11296062031189275,
  gV11: 0.8269710023506692}
