{E0: 0.44575860465571276, E1: -0.6393877833896079, G1_G1_C0ps: 2.7560352826465697e-08,
  G1_G1_C0ss: 3.350057742142416e-10, G1_G1_C1ps: -3.1104601527740214e-09, G1_G1_C1ss: 2.1922058467551138e-10,
  G1_G1_D0ps: -2.943793643994705e-08, G1_G1_D0ss: -6.826858199111104e-11, G1_G1_D1ps: -7.431058553521017e-08,
  G1_G1_D1ss: -2.6079282307004433e-10, G1_Z0p: 0.001988266791110247, G1_Z0s: 1.166124227525824e-05,
  G1_Z1p: 0.007104020215948588, G1_Z1s: 1.245877715112567e-05, gA00: 1.2728831502278675,
  gA10: -0.03610616351097812, gA11: 1.2874510663519927, gV00: 1.021734355836255, gV10: -0.1340084260562496,
  gV11: 1.0060624483547096}
