{E0: 0.7192245904980021, E1: -0.1679546457146135, E2: -0.8639974574493745, G1_G1_C0ps: 4.093565419207496e-06,
  G1_G1_C0ss: 1.1616175629031371e-07, G1_G1_C1ps: 1.5234041588123285e-06, G1_G1_C1ss: 2.1836216720868476e-08,
  G1_G1_D0ps: -9.523915404070503e-07, G1_G1_D0ss: -3.149228491481301e-08, G1_G1_D1ps: -1.5542253974614045e-08,
  G1_G1_D1ss: 1.3295179427038715e-09, G1_G1_D2ps: -6.010255627568406e-08, G1_G1_D2ss: 1.648176304840509e-09,
  G1_Z0p: 0.006461104037726653, G1_Z0s: 0.0002598654281816366, G1_Z1p: 0.0023906980635342097,
  G1_Z1s: 0.00026728346740682553, G1_Z2p: 0.01964704090511354, G1_Z2s: 5.9283205412980064e-05,
  gA00: 1.234998556442004, gA10: -0.38487745315087735, gA11: -0.8572109276147805,
  gA20: 0.46315231911330573, gA21: 0.7031364896357531, gA22: -0.0664091309174107,
  gV00: 1.0169620998814701, gV10: -0.1598595880503953, gV11: 1.1233670568914431}
