{E0: 0.4468663841741264, E1: -0.7457098969229015, G1_G1_C0ps: 1.893954066547692e-08,
  G1_G1_C0ss: 1.0464889059349666e-10, G1_G1_C1ps: 5.956902544048623e-10, G1_G1_C1ss: -8.178167782339248e-12,
  G1_G1_D0ps: -3.9278471004045996e-08, G1_G1_D0ss: -1.2756107906634444e-10, G1_G1_D1ps: 5.211981801628445e-09,
  G1_G1_D1ss: -1.2743204802549987e-10, G1_Z0p: 0.002004699824417376, G1_Z0s: 1.1724619066153285e-05,
  G1_Z1p: 0.004733381052603603, G1_Z1s: 8.840062437432833e-06, gA00: 1.2789745433213977,
  gA10: 0.06438802215417323, gA11: 1.3843732052811177, gV00: 1.022860750281729, gV10: -0.09024010705040793,
  gV11: 1.0142544348697335}
