{E0: 0.7149927173517199, E1: -0.41232829869363774, G1_G1_C0ps: 3.850216375188558e-06,
  G1_G1_C0ss: 8.872401739795851e-06, G1_G1_C1ps: 8.686681761745619e-06, G1_G1_C1ss: -1.5588605763328785e-08,
  G1_G1_D0ps: -1.1276468772029673e-05, G1_G1_D0ss: 2.163963779435364e-06, G1_G1_D1ps: -1.9356902636655062e-05,
  G1_G1_D1ss: -4.472439969546897e-08, G1_Z0p: 0.00628864355060526, G1_Z0s: 0.0002561813892644036,
  G1_Z1p: -2.033781443697185, G1_Z1s: 2.2094993574280133e-11, gA00: 1.2481455366921779,
  gA10: 0.018422316136344468, gA11: -13910.110884935588, gV00: 1.0157617207862357,
  gV10: -0.00849044007774958, gV11: -2262.253713763377}
