{E0: 0.6805764351541913, E1: -0.5692231510391514, G1_G1_C0ps: 9.611525389908437e-07,
  G1_G1_C0ss: 4.70679907626004e-08, G1_G1_C1ps: 2.0271741801264704e-08, G1_G1_C1ss: 1.4587256597025184e-09,
  G1_G1_D0ps: -1.156388554923971e-06, G1_G1_D0ss: -4.760992385670848e-08, G1_G1_D1ps: 6.156495032832125e-07,
  G1_G1_D1ss: -7.198911665754075e-08, G1_Z0p: 0.005828106264955508, G1_Z0s: 0.0002448870089289569,
  G1_Z1p: 0.00830895888346555, G1_Z1s: 0.00031845840741977487, gA00: 1.2919839696695288,
  gA10: 0.03812537013709958, gA11: 1.6991646708397028, gV00: 1.0192436790068677, gV10: -0.11693520442660293,
  gV11: 1.0136779090651356}
