{E0: 0.5778909432291349, E1: -0.17944364943444052, G1_G1_C0ps: -1.5304450687324432e-06,
  G1_G1_C0ss: 2.0067197430593534e-10, G1_G1_C1ps: -2.1385213031838361e-07, G1_G1_C1ss: 3.415241088913138e-10,
  G1_G1_D0ps: -0.0001524587125099711, G1_G1_D0ss: -4.495598274289528e-09, G1_G1_D1ps: -1.7398376171003708e-05,
  G1_G1_D1ss: -1.6388083499588166e-08, G1_Z0p: 0.005546723511072665, G1_Z0s: 2.4023228377189034e-05,
  G1_Z1p: 0.00047047333564748236, G1_Z1s: 3.172290885024534e-05, gA00: 1.339372303343671,
  gA10: -2.1763794730100465, gA11: -0.051947754490677525, gV00: 1.0195231893465881,
  gV10: 0.08949971436268919, gV11: 1.121881346145416}
