{E0: 0.5653828431908967, E1: -0.8999339010038404, G1_G1_C0ps: 7.272807573726077e-08,
  G1_G1_C0ss: 4.6959736802618e-10, G1_G1_C1ps: -2.700944528038683e-09, G1_G1_C1ss: 4.261321755437302e-11,
  G1_G1_D0ps: -9.080318058249299e-08, G1_G1_D0ss: -1.0117334264180612e-10, G1_G1_D1ps: 3.0496837351014506e-08,
  G1_G1_D1ss: -4.18844176781132e-10, G1_Z0p: 0.005093848591130969, G1_Z0s: 2.2572629324610836e-05,
  G1_Z1p: 0.00609114899940407, G1_Z1s: 1.9066309481886976e-05, gA00: 1.4126528675794303,
  gA10: -0.15901117295929007, gA11: 1.8457779396045741, gV00: 1.0170122918987594,
  gV10: -0.03506277003571682, gV11: 1.2646601978709286}
