{E0: 0.6832250566461033, E1: -0.8287013206129976, G1_G1_C0ps: 1.1938677762368896e-06,
  G1_G1_C0ss: 7.887941430763644e-08, G1_G1_C1ps: -8.682447610514718e-09, G1_G1_C1ss: 4.8575867537588735e-09,
  G1_G1_D0ps: -1.2036209528977372e-06, G1_G1_D0ss: -5.618383591204773e-08, G1_G1_D1ps: 6.554815181732584e-07,
  G1_G1_D1ss: -3.263772487551036e-08, G1_Z0p: 0.005929018096371415, G1_Z0s: 0.00024803015271638966,
  G1_Z1p: 0.003983126175358652, G1_Z1s: 0.00013614238962016362, gA00: 1.2855034825147618,
  gA10: -0.06411970109629621, gA11: 2.198127212689309, gV00: 1.0215922700255486, gV10: -0.04668204727008733,
  gV11: 1.2644295042786975}
