{E0: 0.5694230022610233, E1: -0.21583111816292525, G1_G1_C0ps: 1.3176782445528814e-07,
  G1_G1_C0ss: 4.944869168025968e-10, G1_G1_C1ps: 9.055447485942852e-09, G1_G1_C1ss: -1.3530408774059897e-10,
  G1_G1_D0ps: -1.3459693818003198e-06, G1_G1_D0ss: -4.346031484933085e-09, G1_G1_D1ps: 1.541727143849437e-07,
  G1_G1_D1ss: -1.3554937871833832e-09, G1_Z0p: 0.005238790016945403, G1_Z0s: 2.3158709220034918e-05,
  G1_Z1p: 0.019984267650185784, G1_Z1s: 5.3513342138397685e-05, gA00: 1.376954090955748,
  gA10: 3.257354269849216, gA11: 3.6637807260529573, gV00: 1.0232684751621606, gV10: -0.1457467210352535,
  gV11: 1.1077835533409601}
