{E0: 0.4929893309535, E1: -1.0676754810406954, G1_G1_C0ps: 2.2909275576786793e-08,
  G1_G1_C0ss: 5.79975655429277e-10, G1_G1_C1ps: -4.255064811093038e-09, G1_G1_C1ss: 7.698074254187555e-11,
  G1_G1_D0ps: -9.213820430041633e-08, G1_G1_D0ss: -6.519800452107496e-10, G1_G1_D1ps: 4.8279934946201723e-08,
  G1_G1_D1ss: -2.0766310029419308e-10, G1_Z0p: 0.002306318513485612, G1_Z0s: 2.1640114785301367e-05,
  G1_Z1p: 0.0015898479863966847, G1_Z1s: 1.353481817185911e-05, gA00: 1.2894254783893453,
  gA10: 0.031303959864956, gA11: 1.8571442943369962, gV00: 1.0247881288860796, gV10: -0.05923218082304356,
  gV11: 1.0973666890070175}
