{E0: 0.681460439539798, E1: -0.33071138400378425, G1_G1_C0ps: -7.379568600696616e-06,
  G1_G1_C0ss: -0.00012859185821571294, G1_G1_C1ps: -4.84806791902791e-06, G1_G1_C1ss: 5.85246086539345e-09,
  G1_G1_D0ps: -6.820766429918452e-06, G1_G1_D0ss: 6.339282709228618e-06, G1_G1_D1ps: -5.3475670883479835e-06,
  G1_G1_D1ss: -3.710662661745305e-08, G1_Z0p: 0.005887288864929918, G1_Z0s: 0.00024732650866148134,
  G1_Z1p: -0.8074706162464956, G1_Z1s: 9.654917870040678e-11, gA00: 1.2530129805044243,
  gA10: 0.014342819584291285, gA11: -12373.735629630291, gV00: 1.0193258524868278,
  gV10: 0.013715171963014354, gV11: -753.7761109416972}
