{E0: 0.6822849801987027, E1: -0.8042697856435601, G1_G1_C0ps: -3.9594623762484075e-06,
  G1_G1_C0ss: -2.0799849401089004e-07, G1_G1_C1ps: 5.717496561583311e-08, G1_G1_C1ss: -1.1287525225535635e-08,
  G1_G1_D0ps: -2.137224151597343e-06, G1_G1_D0ss: -5.425024238374762e-08, G1_G1_D1ps: 6.122306851150598e-07,
  G1_G1_D1ss: -2.0452064465479866e-08, G1_Z0p: 0.005899216845471423, G1_Z0s: 0.0002470905324704255,
  G1_Z1p: 0.004374578471718003, G1_Z1s: 0.00014699503677867667, gA00: 1.2824010243848398,
  gA10: 0.011761502691195469, gA11: 2.0377818347931442, gV00: 1.021771710813391, gV10: 0.2810289914363993,
  gV11: 1.2266233148907733}
