{E0: 0.5826130068444599, E1: 0.09880662931134018, G1_G1_C0ps: -2.351601130351882e-08,
  G1_G1_C0ss: 9.370697528864953e-11, G1_G1_C1ps: -4.989599495087975e-08, G1_G1_C1ss: 1.8700275934158777e-10,
  G1_G1_D0ps: 3.0898815933156035e-06, G1_G1_D0ss: -4.216309736834344e-09, G1_G1_D1ps: -7.167816865554284e-07,
  G1_G1_D1ss: -5.2653617370613755e-09, G1_Z0p: 0.005651568309060089, G1_Z0s: 2.446377728957386e-05,
  G1_Z1p: -0.0014969577527979097, G1_Z1s: 4.883970980891118e-05, gA00: 1.3421960916258913,
  gA10: 0.47036538836026714, gA11: -0.5241364365088973, gV00: 1.0284933511905798,
  gV10: 0.053644662014338346, gV11: 1.1005360190902966}
