{E0: 0.6818350008555898, E1: -0.5178962086196321, G1_G1_C0ps: 2.658377857803313e-07,
  G1_G1_C0ss: 7.307879771649524e-08, G1_G1_C1ps: -7.616922261195793e-07, G1_G1_C1ss: 2.3705943243915514e-08,
  G1_G1_D0ps: -6.345590170418758e-07, G1_G1_D0ss: -1.9095936080027505e-08, G1_G1_D1ps: 4.389510389025437e-07,
  G1_G1_D1ss: -4.708634107145982e-08, G1_Z0p: 0.005878449316251808, G1_Z0s: 0.00024725151385043506,
  G1_Z1p: 0.008670692249573293, G1_Z1s: 0.00021027521164986091, gA00: 1.268931484804579,
  gA10: -0.013253029508880819, gA11: 1.6529026767653046, gV00: 1.0205767100343142,
  gV10: -0.03416106926068682, gV11: 1.1768001316853705}
