{E0: 0.682300320243444, E1: -0.43471449572378357, G1_G1_C0ps: -3.2286161930145585e-06,
  G1_G1_C0ss: -6.859209642308772e-08, G1_G1_C1ps: 1.7019292646729918e-06, G1_G1_C1ss: 7.925597887757438e-08,
  G1_G1_D0ps: -8.772290630130491e-07, G1_G1_D0ss: -1.8392426616122197e-08, G1_G1_D1ps: 1.875277344292558e-07,
  G1_G1_D1ss: -4.727004653307765e-08, G1_Z0p: 0.005895994215815209, G1_Z0s: 0.0002477865984580894,
  G1_Z1p: 0.010019754306655752, G1_Z1s: 0.00024230390271445882, gA00: 1.2756759434566356,
  gA10: 0.04762403925873364, gA11: 1.8469749345847646, gV00: 1.0172746368159518, gV10: -0.024969430534966808,
  gV11: 0.45559866203192073}
