{E0: 0.683711139113964, E1: -0.7204317079938518, G1_G1_C0ps: 9.98364403975502e-07,
  G1_G1_C0ss: 5.008516069161961e-08, G1_G1_C1ps: 3.843894582955592e-09, G1_G1_C1ss: -3.118043719035612e-10,
  G1_G1_D0ps: -1.232869524481078e-06, G1_G1_D0ss: -3.2123013544613826e-08, G1_G1_D1ps: 5.472781113691988e-07,
  G1_G1_D1ss: -2.884052215074964e-08, G1_Z0p: 0.005943081165473533, G1_Z0s: 0.0002492705245252558,
  G1_Z1p: 0.00483879286327139, G1_Z1s: 0.00013027137249075813, gA00: 1.2730137223691502,
  gA10: -0.02630573186161149, gA11: 2.0598095870143416, gV00: 1.0206213902081387,
  gV10: -0.03723822576409746, gV11: 1.2184171896832867}
