{E0: 0.721329881819918, E1: -0.2811439192260981, G1_G1_C0ps: 9.950713223606594e-07,
  G1_G1_C0ss: 5.0183893936317086e-08, G1_G1_C1ps: 1.2057678777528978e-08, G1_G1_C1ss: -2.646034773638223e-08,
  G1_G1_D0ps: -1.0189934467452709e-06, G1_G1_D0ss: -2.9745205497312954e-08, G1_G1_D1ps: 4.646619148368548e-08,
  G1_G1_D1ss: -3.666217211886552e-08, G1_Z0p: 0.00646151792647831, G1_Z0s: 0.00026187023818633,
  G1_Z1p: 0.03168206376879104, G1_Z1s: 2.1831047019340856e-05, gA00: 1.2661831151682101,
  gA10: -0.021527698416914733, gA11: 2.854250936577777, gV00: 1.0153304224920638,
  gV10: 0.023578970477000777, gV11: 1.2745486091035312}
