{E0: 0.7112906641619711, E1: -0.5989138965885263, G1_G1_C0ps: 3.4786243339209824e-06,
  G1_G1_C0ss: -3.7861784619056733e-05, G1_G1_C1ps: 8.15019624428359e-07, G1_G1_C1ss: -7.318922233112566e-09,
  G1_G1_D0ps: -2.130190416192553e-05, G1_G1_D0ss: -2.2186547143225333e-05, G1_G1_D1ps: -9.112243845117523e-06,
  G1_G1_D1ss: -2.189261045288468e-08, G1_Z0p: 0.006142675482278252, G1_Z0s: 0.00025012369331802267,
  G1_Z1p: -0.39936269264538155, G1_Z1s: 4.490808603265067e-11, gA00: 1.254022981185485,
  gA10: 0.0451299387495295, gA11: -5589.111349479041, gV00: 1.0159875321380158, gV10: -0.004299252718964791,
  gV11: -3070.580887843416}
