{E0: 0.44747916655162706, E1: -0.6447716017550598, G1_G1_C0ps: 1.4530564804170014e-08,
  G1_G1_C0ss: 1.2501368261941622e-10, G1_G1_C1ps: 9.606420843077762e-09, G1_G1_C1ss: 6.437099558571455e-11,
  G1_G1_D0ps: -4.049144751960948e-08, G1_G1_D0ss: 6.801171742338575e-11, G1_G1_D1ps: 1.347966827103125e-07,
  G1_G1_D1ss: 4.72293434151786e-10, G1_Z0p: 0.0020206786152280175, G1_Z0s: 1.1753684683957733e-05,
  G1_Z1p: 0.0040566559951969615, G1_Z1s: 1.2796471550108317e-05, gA00: 1.2904451224845754,
  gA10: 0.40524699756098204, gA11: 1.5114552305167874, gV00: 1.0216173764817398, gV10: -0.066863904697797,
  gV11: 0.9980239517131959}
