{E0: 0.7106957378362845, E1: -0.3552325533942767, G1_G1_C0ps: -6.957401636506314e-05,
  G1_G1_C0ss: -6.598540104565322e-06, G1_G1_C1ps: 1.217033138669234e-06, G1_G1_C1ss: 5.830933509216806e-08,
  G1_G1_D0ps: -0.0002053709680487742, G1_G1_D0ss: -1.897783410597005e-05, G1_G1_D1ps: 7.346500099443417e-06,
  G1_G1_D1ss: 2.4427341301555396e-07, G1_Z0p: 0.006046818918984803, G1_Z0s: 0.0002487178209904776,
  G1_Z1p: -0.00024067382046061246, G1_Z1s: -1.832647429425027e-05, gA00: 1.2406814368804235,
  gA10: 1.12523277253918, gA11: -381.4899582532167, gV00: 1.0154934972327592, gV10: 0.427292091515465,
  gV11: -75.35539343088736}
