{E0: 0.5686261877110278, E1: -0.18775313241240726, G1_G1_C0ps: 7.634080814199476e-08,
  G1_G1_C0ss: 3.6035779281396883e-10, G1_G1_C1ps: -1.3104114936056657e-07, G1_G1_C1ss: 4.5484202990416735e-11,
  G1_G1_D0ps: -1.4021179716019285e-07, G1_G1_D0ss: 1.818055532179554e-09, G1_G1_D1ps: 6.473993441352637e-07,
  G1_G1_D1ss: 1.5711556911967875e-08, G1_Z0p: 0.0052209636547165756, G1_Z0s: 2.307429316748324e-05,
  G1_Z1p: 0.021526955145577644, G1_Z1s: 6.0411854205861916e-05, gA00: 1.312461233487303,
  gA10: -0.4868311679195523, gA11: -0.1786684465422649, gV00: 1.0260279655838545,
  gV10: -0.0925815308191745, gV11: 1.1079996099782072}
