{E0: 0.7124046641234869, E1: -1.2783635975011116, E2: -0.18980692691714884, G1_G1_C0ps: 1.8309513069846973e-06,
  G1_G1_C0ss: -3.4521451193293286e-08, G1_G1_C1ps: -2.5553601552445754e-08, G1_G1_C1ss: -2.4800702013772844e-08,
  G1_G1_D0ps: -1.072375382995642e-06, G1_G1_D0ss: -2.600273003125471e-08, G1_G1_D1ps: 4.661098893853715e-07,
  G1_G1_D1ss: -8.806948337698426e-09, G1_G1_D2ps: -3.378845240849987e-08, G1_G1_D2ss: -1.2700299212927262e-09,
  G1_Z0p: 0.006191329266351806, G1_Z0s: 0.0002492326187594963, G1_Z1p: 0.002714854802284956,
  G1_Z1s: 0.00011786945769076099, G1_Z2p: 0.0035217313860627262, G1_Z2s: 0.00031490534629733985,
  gA00: 1.1781142822725215, gA10: 0.1640304393380057, gA11: -1.3713601437624747, gA20: 0.7176062541518096,
  gA21: 0.15793519931008565, gA22: 0.21990398588789012, gV00: 1.0081568337847382,
  gV10: -0.06976233640167502, gV11: 0.6097279669968636}
