{E0: 0.6871769717148003, E1: -0.6402751983726634, G1_G1_C0ps: 6.788191855369882e-07,
  G1_G1_C0ss: 1.188295870516288e-08, G1_G1_C1ps: -1.9557626523622383e-08, G1_G1_C1ss: -1.0564637404668312e-08,
  G1_G1_D0ps: -5.244680994283697e-06, G1_G1_D0ss: 1.2684431460430925e-07, G1_G1_D1ps: -6.790077559235517e-07,
  G1_G1_D1ss: 3.734410007980592e-08, G1_Z0p: 0.006025214610703583, G1_Z0s: 0.00025242948122243726,
  G1_Z1p: 0.004422436456888139, G1_Z1s: 0.00015035970345252307, gA00: 1.3073521612116898,
  gA10: 0.0009655062917116146, gA11: 2.95733302720507, gV00: 1.021787692332293, gV10: 0.009751680326502756,
  gV11: 1.358781564825048}
