{E0: 0.6820037636165188, E1: -0.3767824151397215, G1_G1_C0ps: 1.0886430950778847e-06,
  G1_G1_C0ss: 5.15237742180866e-08, G1_G1_C1ps: 2.7730904523174543e-08, G1_G1_C1ss: 7.530670641445622e-09,
  G1_G1_D0ps: -1.0610398228957046e-06, G1_G1_D0ss: 4.85520471291401e-08, G1_G1_D1ps: 4.200866382720125e-07,
  G1_G1_D1ss: 7.921405779763816e-08, G1_Z0p: 0.005880848959126337, G1_Z0s: 0.0002473487185714881,
  G1_Z1p: 0.01185602572837772, G1_Z1s: 0.0003287053656890647, gA00: 1.2792937122970596,
  gA10: 0.09615220245276603, gA11: 1.7319668212286257, gV00: 1.020900843592297, gV10: -0.05833596739149012,
  gV11: 1.166946645599681}
