{E0: 0.5714412465426402, E1: -0.559190774617623, G1_G1_C0ps: 7.18843496776496e-08,
  G1_G1_C0ss: 8.408392184152896e-10, G1_G1_C1ps: -6.045688137127834e-08, G1_G1_C1ss: 2.3686294985057314e-10,
  G1_G1_D0ps: -3.661617326366486e-07, G1_G1_D0ss: -6.1124604747964726e-09, G1_G1_D1ps: 2.2489956791186027e-07,
  G1_G1_D1ss: -4.363887301376836e-09, G1_Z0p: 0.005278443813447091, G1_Z0s: 2.3352128031691232e-05,
  G1_Z1p: 0.008937660796324012, G1_Z1s: 2.24869136533306e-05, gA00: 1.407026321970735,
  gA10: 0.3427282060434896, gA11: 1.9812305830973922, gV00: 1.0108666582097166, gV10: -0.06003455005789732,
  gV11: 1.1396297448258819}
