{E0: 0.6832853236121442, E1: -0.7034556151136505, G1_G1_C0ps: 4.046185047065415e-06,
  G1_G1_C0ss: 9.672915411473029e-08, G1_G1_C1ps: 2.3043089177104304e-07, G1_G1_C1ss: -2.189094345860647e-08,
  G1_G1_D0ps: -1.1190874811738262e-06, G1_G1_D0ss: 8.004887708521854e-08, G1_G1_D1ps: 2.712582489739406e-07,
  G1_G1_D1ss: -5.98403073275671e-09, G1_Z0p: 0.005930696961522602, G1_Z0s: 0.00024890579487598356,
  G1_Z1p: 0.005096988478238338, G1_Z1s: 0.0001344637751951581, gA00: 1.2725001187460787,
  gA10: -0.06593472779832056, gA11: 2.0038574723809712, gV00: 1.0205840755495994,
  gV10: -0.2134234048763427, gV11: 1.2124207019343274}
