{E0: 0.7129046309566368, E1: -0.21112498551489886, G1_G1_C0ps: -0.00012678025211563471,
  G1_G1_C0ss: -1.3121375072288898e-05, G1_G1_C1ps: -1.5615552277189208e-06, G1_G1_C1ss: 6.587076201128608e-08,
  G1_G1_D0ps: -6.0826134256650255e-05, G1_G1_D0ss: -3.492023631810462e-06, G1_G1_D1ps: -9.075390134369451e-07,
  G1_G1_D1ss: 3.163899447672772e-08, G1_Z0p: 0.006131243738829028, G1_Z0s: 0.00025333837904630187,
  G1_Z1p: 6.104950503264162e-05, G1_Z1s: -1.9534532120655605e-06, gA00: 1.24593460751971,
  gA10: -0.07492371983371723, gA11: -12274.02968275887, gV00: 1.0167727801789437,
  gV10: 0.36988294346376094, gV11: -3880.3555329792052}
