{E0: 0.49289411586957893, E1: -1.0838464167637532, G1_G1_C0ps: -1.0190382564648295e-09,
  G1_G1_C0ss: 1.687923798103355e-10, G1_G1_C1ps: -2.0799315115756647e-10, G1_G1_C1ss: 4.5011699557928e-11,
  G1_G1_D0ps: -8.404900932704381e-08, G1_G1_D0ss: -5.463828692169993e-10, G1_G1_D1ps: 1.7801113001157402e-08,
  G1_G1_D1ss: -4.537994029058628e-10, G1_Z0p: 0.002302744451970722, G1_Z0s: 2.1616191283378166e-05,
  G1_Z1p: 0.0015968427744067733, G1_Z1s: 1.3306179643535298e-05, gA00: 1.2879596124550416,
  gA10: -0.08119483649242719, gA11: 1.8372320836557097, gV00: 1.0248029490248536,
  gV10: -0.006625140799148041, gV11: 1.1041676368041404}
