{E0: 0.7149833374144312, E1: 0.002556079774245288, G1_G1_C0ps: -0.0011024060737545747,
  G1_G1_C0ss: -6.535815957057769e-05, G1_G1_C1ps: -2.8130144541134917e-05, G1_G1_C1ss: 4.231614955796787e-07,
  G1_G1_D0ps: -0.00017039924195266256, G1_G1_D0ss: -9.68425777649034e-06, G1_G1_D1ps: -8.969134402109118e-06,
  G1_G1_D1ss: 2.819437362311383e-07, G1_Z0p: 0.006284994586098767, G1_Z0s: 0.00025627021900896717,
  G1_Z1p: 0.0003060916373546677, G1_Z1s: -7.690191369791576e-06, gA00: 1.2500792725628285,
  gA10: 0.8299110625838899, gA11: -2494.7536043230543, gV00: 1.0159063979564962, gV10: 2.147362447374081,
  gV11: -2104.8975228931054}
