{E0: 0.7112924352046814, E1: -0.3275195768424854, G1_G1_C0ps: 2.1765932185785267e-06,
  G1_G1_C0ss: 6.54914414470309e-06, G1_G1_C1ps: 3.7224582657634584e-06, G1_G1_C1ss: -1.4414692138613082e-08,
  G1_G1_D0ps: -4.3437804377279874e-06, G1_G1_D0ss: 2.4576521013948685e-06, G1_G1_D1ps: -3.919714867773885e-06,
  G1_G1_D1ss: -3.0359361712762436e-08, G1_Z0p: 0.006143137241729273, G1_Z0s: 0.0002500979408656794,
  G1_Z1p: -1.353189056756036, G1_Z1s: 8.131751464506215e-11, gA00: 1.2563016467815422,
  gA10: 0.005002491184592576, gA11: -13286.454658018738, gV00: 1.0162338614674022,
  gV10: -0.006882521711675674, gV11: -1956.6786743818661}
