{E0: 0.4469769359484323, E1: -0.7159145064074792, G1_G1_C0ps: 2.3257304175981814e-08,
  G1_G1_C0ss: 6.023951827752843e-09, G1_G1_C1ps: -1.8448190945099116e-07, G1_G1_C1ss: 3.047241335966584e-09,
  G1_G1_D0ps: -4.0569363156676946e-08, G1_G1_D0ss: -9.657793273322649e-11, G1_G1_D1ps: 2.8368738643913732e-08,
  G1_G1_D1ss: -6.731143815589392e-11, G1_Z0p: 0.002008659171408444, G1_Z0s: 1.1745807771915893e-05,
  G1_Z1p: 0.0051027200993385485, G1_Z1s: 8.861950684317595e-06, gA00: 1.2795090534719293,
  gA10: 0.1265294964771691, gA11: 1.3893254326354372, gV00: 1.0222965418478416, gV10: -0.5512754826306684,
  gV11: 0.9724227879057421}
