{E0: 0.5772967341843226, E1: -0.19127580460675384, G1_G1_C0ps: -6.326624120408292e-07,
  G1_G1_C0ss: 9.483045577998478e-11, G1_G1_C1ps: -1.2900859266228573e-07, G1_G1_C1ss: 4.088010400705412e-11,
  G1_G1_D0ps: 2.610545451231292e-06, G1_G1_D0ss: 5.670744102004657e-10, G1_G1_D1ps: 4.0601988287136325e-07,
  G1_G1_D1ss: 3.8255432089879176e-10, G1_Z0p: 0.005545518608459933, G1_Z0s: 2.3991560840123086e-05,
  G1_Z1p: 0.0005180997834215984, G1_Z1s: 3.155086944804801e-05, gA00: 1.2942830231714466,
  gA10: 0.12020447496778847, gA11: 0.94218580648226, gV00: 1.020163796985179, gV10: 0.062249809303585826,
  gV11: 1.1202854984046258}
