{E0: 0.5693866722899068, E1: -1.6183465819294045, E2: -0.7434849504376886, G1_G1_C0ps: 6.75244031910961e-08,
  G1_G1_C0ss: 4.830429117445967e-10, G1_G1_C1ps: -5.67858820007675e-10, G1_G1_C1ss: -8.252646755185287e-11,
  G1_G1_C2ps: -4.7074363435225e-09, G1_G1_C2ss: 1.5873141035253995e-11, G1_G1_D0ps: -6.234674790143412e-08,
  G1_G1_D0ss: -3.977227174706323e-11, G1_G1_D1ps: -2.803864129702444e-10, G1_G1_D1ss: 2.242221547762518e-10,
  G1_G1_D2ps: -4.27204236969753e-09, G1_G1_D2ss: -2.680276710483176e-10, G1_Z0p: 0.004961408911217269,
  G1_Z0s: 2.3072848988392743e-05, G1_Z1p: 0.008410045384458347, G1_Z1s: 5.800368681794771e-06,
  G1_Z2p: 0.0024234075221292277, G1_Z2s: -2.7269570362329716e-05, gA00: 1.2863991361143885,
  gA10: 0.09666590326025253, gA11: 0.4128984676899395, gA20: -0.07385631302787973,
  gA21: -0.027763246276383876, gA22: 0.028462671681552188, gV00: 1.0176811248638624,
  gV10: 0.03868667267713701, gV11: 0.8976121939533306, gV20: 0.1379081587170897, gV21: -0.28096300804568763,
  gV22: 1.1628680937432687}
