{E0: 0.716069555953052, E1: -0.9254628394637179, G1_G1_C0ps: -2.9147691494133227e-06,
  G1_G1_C0ss: -1.176706059805624e-07, G1_G1_C1ps: -1.4275888018141488e-05, G1_G1_C1ss: -5.325186052141322e-09,
  G1_G1_D0ps: 2.4768141460915777e-05, G1_G1_D0ss: 2.1523837669756972e-07, G1_G1_D1ps: 0.00011865924334317938,
  G1_G1_D1ss: -2.0087621815828322e-08, G1_Z0p: 0.006411297712211812, G1_Z0s: 0.0002595459017888186,
  G1_Z1p: -0.9585059408778762, G1_Z1s: 6.758776379963242e-06, gA00: 1.2478853621853503,
  gA10: 0.1748732645762523, gA11: 1.226319344524321, gV00: 1.0156180108425392, gV10: -0.02078668383036961,
  gV11: 1.0144216104660915}
