{E0: 0.5716543278945401, E1: -0.45826402455484366, G1_G1_C0ps: 6.828594602364452e-08,
  G1_G1_C0ss: 4.062789780046134e-10, G1_G1_C1ps: 9.053949449408414e-09, G1_G1_C1ss: 7.5450268758847e-11,
  G1_G1_D0ps: -9.477929754637577e-08, G1_G1_D0ss: 6.639065047579513e-10, G1_G1_D1ps: 4.3049685693930636e-07,
  G1_G1_D1ss: 7.028711308297177e-10, G1_Z0p: 0.00529584849955277, G1_Z0s: 2.3392903537610767e-05,
  G1_Z1p: 0.010230559601649333, G1_Z1s: 2.660579397192754e-05, gA00: 1.3157893559431577,
  gA10: -0.7524567518605889, gA11: -1.1309355971344728, gV00: 1.0136955326293668,
  gV10: -0.021482381564489273, gV11: 1.1245856461693409}
