{E0: 0.7149503787337217, E1: -0.3139787438451518, G1_G1_C0ps: 1.0065316287389253e-06,
  G1_G1_C0ss: 4.780307539566618e-08, G1_G1_C1ps: 1.6440054479264848e-08, G1_G1_C1ss: 1.4505741454041223e-08,
  G1_G1_D0ps: -1.0897003505214374e-06, G1_G1_D0ss: -2.9334000977532554e-08, G1_G1_D1ps: -2.257750261702066e-07,
  G1_G1_D1ss: -4.397424294592496e-09, G1_Z0p: 0.006285081914716404, G1_Z0s: 0.0002561564365587273,
  G1_Z1p: -0.006416357234760599, G1_Z1s: 9.968898818857547e-05, gA00: 1.2483236055958238,
  gA10: 0.15830101470679134, gA11: -0.5482301174650519, gV00: 1.0166504780279928,
  gV10: -0.5873034447786796, gV11: 0.38114848078358415}
