{E0: 0.7154485011992301, E1: -0.34741303918747823, G1_G1_C0ps: 4.2090143738713955e-06,
  G1_G1_C0ss: 8.920104754314197e-06, G1_G1_C1ps: 9.27826020745477e-06, G1_G1_C1ss: -1.8131249111594667e-08,
  G1_G1_D0ps: -2.6320330217527732e-05, G1_G1_D0ss: -0.0002069484192214492, G1_G1_D1ps: -2.8979525824893184e-05,
  G1_G1_D1ss: -4.0632535976359166e-08, G1_Z0p: 0.0063031923573277915, G1_Z0s: 0.000256658035241725,
  G1_Z1p: -2.7950022871437072, G1_Z1s: 2.402674134180653e-11, gA00: 1.2541516759392206,
  gA10: 0.02101990512708612, gA11: -13587.786490000057, gV00: 1.0158707940269716,
  gV10: -0.00696775461064258, gV11: -2070.4169785898866}
