{E0: 0.5777030720171561, E1: -0.1858285230767483, G1_G1_C0ps: -1.7912744339911295e-05,
  G1_G1_C0ss: -4.7827152576123557e-11, G1_G1_C1ps: -1.9106666742830587e-06, G1_G1_C1ss: 1.9131003003528567e-09,
  G1_G1_D0ps: -0.00016775998851288005, G1_G1_D0ss: -6.681365977082438e-09, G1_G1_D1ps: -1.751836836652727e-05,
  G1_G1_D1ss: 4.7121387062001685e-09, G1_Z0p: 0.005548515351532873, G1_Z0s: 2.401744218214128e-05,
  G1_Z1p: 0.00047330682148147567, G1_Z1s: 3.170645365287714e-05, gA00: 1.3131866549234616,
  gA10: 3.5068557045456044, gA11: 0.47219916327955846, gV00: 1.0208179055125466, gV10: 0.5083621265877004,
  gV11: 1.1301989871191809}
