{E0: 0.6844805614504733, E1: -0.6730719942139562, G1_G1_C0ps: 4.14094597771734e-07,
  G1_G1_C0ss: 2.641496500334013e-07, G1_G1_C1ps: -5.10824549422037e-07, G1_G1_C1ss: 7.309152798618209e-08,
  G1_G1_D0ps: -4.574511322047519e-06, G1_G1_D0ss: -1.6232421929419457e-06, G1_G1_D1ps: 4.684033525163433e-06,
  G1_G1_D1ss: -4.385026372507515e-07, G1_Z0p: 0.005959327449522874, G1_Z0s: 0.00024938096518133487,
  G1_Z1p: 0.00472915006839445, G1_Z1s: 0.000153996950778941, gA00: 1.288436286291325,
  gA10: 0.7990320568604048, gA11: 2.3669671936416523, gV00: 1.0212748540602266, gV10: -0.05794108760694781,
  gV11: 1.2794328547691933}
