{E0: 0.6813034760242882, E1: -0.33792238288187953, G1_G1_C0ps: -3.708535256126398e-05,
  G1_G1_C0ss: 0.0001357132076386417, G1_G1_C1ps: -3.337049560908804e-05, G1_G1_C1ss: 9.489810751141988e-09,
  G1_G1_D0ps: -7.295902529292246e-06, G1_G1_D0ss: -4.4487480616667735e-07, G1_G1_D1ps: -4.721176255450808e-06,
  G1_G1_D1ss: -3.6699714570101096e-08, G1_Z0p: 0.00588369882401093, G1_Z0s: 0.0002471679223328426,
  G1_Z1p: -0.7154046940413639, G1_Z1s: 2.1591344407147097e-10, gA00: 1.2530604441664999,
  gA10: 0.014365699601322297, gA11: -6093.313426217472, gV00: 1.0194112793616887,
  gV10: 0.11030218919860438, gV11: 4333.554761876948}
