{E0: 0.6840157753495207, E1: -0.47101867961349914, G1_G1_C0ps: 3.502189924112337e-05,
  G1_G1_C0ss: 0.00014580766102160184, G1_G1_C1ps: 5.642869341911758e-06, G1_G1_C1ss: -3.409065722945069e-10,
  G1_G1_D0ps: -9.035241508238117e-06, G1_G1_D0ss: 5.707343342327368e-05, G1_G1_D1ps: -8.144678667543635e-06,
  G1_G1_D1ss: -3.522231572296083e-08, G1_Z0p: 0.0059680209670188895, G1_Z0s: 0.0002504666594421104,
  G1_Z1p: 0.9199587928968235, G1_Z1s: -9.200329338052752e-12, gA00: 1.2493857494414353,
  gA10: -0.01747472179360006, gA11: -63287.28433019038, gV00: 1.0190589566009232,
  gV10: 0.012164015289772189, gV11: -19006.00723605595}
