{E0: 0.44699895526724326, E1: -0.7161351803188042, G1_G1_C0ps: 3.016357378592052e-08,
  G1_G1_C0ss: 1.811967447171994e-10, G1_G1_C1ps: 3.8263071508039095e-08, G1_G1_C1ss: 6.375793331313319e-11,
  G1_G1_D0ps: -4.5871138538351184e-08, G1_G1_D0ss: -1.4283925477880008e-10, G1_G1_D1ps: -1.1820746531287945e-08,
  G1_G1_D1ss: -1.4245850958000496e-10, G1_Z0p: 0.0020090957373550076, G1_Z0s: 1.1748898670583353e-05,
  G1_Z1p: 0.005141229280518662, G1_Z1s: 8.763472869444228e-06, gA00: 1.279596313428935,
  gA10: 0.057084491115319116, gA11: 1.3902583080382511, gV00: 1.022164296893339, gV10: -0.05716359088709519,
  gV11: 0.997203202546674}
