{E0: 0.6846347066962735, E1: -0.612601191081288, G1_G1_C0ps: -2.3489954987404477e-07,
  G1_G1_C0ss: 9.916158955292155e-07, G1_G1_C1ps: -3.0032633100239577e-06, G1_G1_C1ss: 2.725447489416265e-07,
  G1_G1_D0ps: -7.55513880147116e-06, G1_G1_D0ss: -1.0366971566540731e-06, G1_G1_D1ps: 1.1125053619025964e-06,
  G1_G1_D1ss: -2.9263934879143886e-07, G1_Z0p: 0.0059763313582132695, G1_Z0s: 0.0002500859188866054,
  G1_Z1p: 0.00485932123765343, G1_Z1s: 0.00015507571649791874, gA00: 1.2897207679120017,
  gA10: 0.5712116822938061, gA11: 2.764041297458671, gV00: 1.0184340480038052, gV10: -0.5287683739154996,
  gV11: 0.8837500945385469}
