{E0: 0.7152226466293361, E1: -0.56052072317676, G1_G1_C0ps: 5.044425040018594e-06,
  G1_G1_C0ss: 4.7894701945185855e-05, G1_G1_C1ps: 1.2471380250942975e-06, G1_G1_C1ss: -8.10276516066303e-09,
  G1_G1_D0ps: -9.061408040268624e-05, G1_G1_D0ss: 0.0001631203838723824, G1_G1_D1ps: -1.1772109478264186e-05,
  G1_G1_D1ss: -2.9162054307159214e-08, G1_Z0p: 0.00629548005106231, G1_Z0s: 0.0002565062796628356,
  G1_Z1p: -0.5580861692160216, G1_Z1s: 3.700754220696227e-11, gA00: 1.2519264780078085,
  gA10: 0.0407644974725999, gA11: -5471.44621344762, gV00: 1.016077656836169, gV10: -0.004599913203686302,
  gV11: -3628.5683127128236}
