{E0: 0.5773438873172138, E1: -0.19178118547624318, G1_G1_C0ps: 8.379742317861961e-08,
  G1_G1_C0ss: -2.3150979722661636e-10, G1_G1_C1ps: -1.141185102388666e-09, G1_G1_C1ss: 4.2046910278603156e-12,
  G1_G1_D0ps: -6.322262561405169e-08, G1_G1_D0ss: -2.6838027555247335e-10, G1_G1_D1ps: 2.6654341855878215e-10,
  G1_G1_D1ss: -7.565452664778765e-13, G1_Z0p: 0.005542535324417013, G1_Z0s: 2.3976129856148457e-05,
  G1_Z1p: 0.0005080529018279228, G1_Z1s: 3.162438593198299e-05, gA00: 1.298831327464081,
  gA10: -0.35231271442178813, gA11: -0.8176934159423691, gV00: 1.0195036698322193,
  gV10: 0.18322533788207057, gV11: 1.1527359873590928}
