{E0: 0.7232161174205763, E1: -0.21219282332676598, G1_G1_C0ps: 9.999157588929647e-07,
  G1_G1_C0ss: 5.0002509140629254e-08, G1_G1_C1ps: -2.5383765279255304e-09, G1_G1_C1ss: -3.796654838001417e-08,
  G1_G1_D0ps: -1.0003602184916074e-06, G1_G1_D0ss: -2.999604678386912e-08, G1_G1_D1ps: -1.0854346193496321e-08,
  G1_G1_D1ss: -5.981757904298369e-08, G1_Z0p: 0.006524066043210034, G1_Z0s: 0.00026293394203241645,
  G1_Z1p: 0.026633271055124894, G1_Z1s: -2.137573146026774e-06, gA00: 1.2547821649107576,
  gA10: 0.004776466580891721, gA11: -24.69921292606056, gV00: 1.0141373857822633,
  gV10: 0.08011211603100449, gV11: -0.9105579121248224}
