{E0: 0.4466796769958591, E1: -0.6904951756055393, G1_G1_C0ps: 1.9522374911606224e-08,
  G1_G1_C0ss: 1.256927648792191e-10, G1_G1_C1ps: -1.3491194274556585e-09, G1_G1_C1ss: 5.260829499382572e-12,
  G1_G1_D0ps: -4.2667859794542355e-08, G1_G1_D0ss: -9.810750033218929e-11, G1_G1_D1ps: 1.2382187847223993e-08,
  G1_G1_D1ss: -8.855578109680607e-11, G1_Z0p: 0.002005507461858193, G1_Z0s: 1.1728010338120104e-05,
  G1_Z1p: 0.0050950933754135615, G1_Z1s: 9.977907512002264e-06, gA00: 1.2792507292083282,
  gA10: 0.10957476641443653, gA11: 1.3763843508025821, gV00: 1.0232282048935368, gV10: -0.09168710261984425,
  gV11: 1.0486435496485178}
