{E0: 0.4429172604407688, E1: -1.2879124764564815, G1_G1_C0ps: 1.8947756829683562e-08,
  G1_G1_C0ss: 1.720148582206802e-10, G1_G1_C1ps: 2.2329293904174847e-09, G1_G1_C1ss: 1.3075567676225384e-11,
  G1_G1_D0ps: 6.642809663837289e-08, G1_G1_D0ss: 5.610581732657085e-09, G1_G1_D1ps: -2.096520090612841e-08,
  G1_G1_D1ss: 1.5876746710889238e-09, G1_Z0p: 0.001929896768491546, G1_Z0s: 1.14037755200642e-05,
  G1_Z1p: 0.0022904894267460688, G1_Z1s: 6.7296541751308094e-06, gA00: 1.2607612203040444,
  gA10: -0.3814581193410996, gA11: 0.7848936877585374, gV00: 1.017880050526072, gV10: -0.043297229406512344,
  gV11: 0.9475869336327228}
