{E0: 0.45266966074244486, E1: -0.6872853617732178, G1_G1_C0ps: -5.393616318927011e-07,
  G1_G1_C0ss: 1.8736336056953162e-06, G1_G1_C1ps: -3.781817666269259e-08, G1_G1_C1ss: -4.778631643027497e-12,
  G1_G1_D0ps: -2.632029177864789e-06, G1_G1_D0ss: 1.4918794923778582e-06, G1_G1_D1ps: -1.7293310861755735e-07,
  G1_G1_D1ss: -9.635645540366469e-11, G1_Z0p: 0.0021005705649060633, G1_Z0s: 1.211898348434367e-05,
  G1_Z1p: 0.1320630695824705, G1_Z1s: -2.3338595755076793e-13, gA00: 1.2761065202849273,
  gA10: -0.048400289231570894, gA11: -377023.401523614, gV00: 1.0227214876357147,
  gV10: -0.010738850706725506, gV11: 30299.874870287378}
