{E0: 0.5786479263425545, E1: -0.2676110843442762, E2: -1.802589981510477, G1_G1_C0ps: 6.975980826132802e-08,
  G1_G1_C0ss: 4.929184409655678e-10, G1_G1_C1ps: -4.240278071132951e-10, G1_G1_C1ss: 5.47034278615049e-12,
  G1_G1_C2ps: -4.376337482257889e-10, G1_G1_C2ss: -2.9534462726115515e-11, G1_G1_D0ps: -5.2810208101590784e-08,
  G1_G1_D0ss: -2.7253746210001603e-10, G1_G1_D1ps: 1.876491568490397e-08, G1_G1_D1ss: -8.42232773391399e-11,
  G1_G1_D2ps: 1.708437652648795e-08, G1_G1_D2ss: -1.1809577882356135e-10, G1_Z0p: 0.00557232124152264,
  G1_Z0s: 2.4048922120882494e-05, G1_Z1p: 0.004547079712771177, G1_Z1s: 2.914059420190515e-05,
  G1_Z2p: 0.046811814154289866, G1_Z2s: -4.313770878740125e-06, gA00: 1.3545211864569142,
  gA10: 0.17457454693958321, gA11: 1.370710288622789, gA20: -0.07561717930653804,
  gA21: -0.03361273201838526, gA22: 0.007017236898350055, gV00: 1.0129860371604495,
  gV10: -0.05950711167024439, gV11: 1.0598881772372053, gV20: 0.0906618204029566,
  gV21: -0.0852087885787957, gV22: 0.45029137673692243}
