{E0: 0.7153488504670843, E1: -0.3238618606720667, G1_G1_C0ps: -2.548801261012744e-06,
  G1_G1_C0ss: -1.7636366404302242e-05, G1_G1_C1ps: -8.833408580791883e-07, G1_G1_C1ss: -1.484686905498148e-08,
  G1_G1_D0ps: 8.092558761984735e-06, G1_G1_D0ss: -9.673900228493418e-07, G1_G1_D1ps: -6.875294983466105e-07,
  G1_G1_D1ss: -3.262664570453088e-08, G1_Z0p: 0.006300374172825683, G1_Z0s: 0.00025660281983805734,
  G1_Z1p: -0.0003708961230971344, G1_Z1s: 1.2396526249367773e-07, gA00: 1.2553325037834888,
  gA10: 0.09724284993542381, gA11: -33231.668739474146, gV00: 1.0162632314848232,
  gV10: -0.17111492038718673, gV11: -5296.7663538253255}
