{E0: 0.683920909378326, E1: -0.2997217319582831, G1_G1_C0ps: 1.0602392719414185e-06,
  G1_G1_C0ss: 4.7588991429613414e-08, G1_G1_C1ps: -8.289211155608918e-08, G1_G1_C1ss: -6.82691692648154e-10,
  G1_G1_D0ps: -5.1437139850162735e-08, G1_G1_D0ss: 2.2829703209132962e-08, G1_G1_D1ps: -2.861571519660713e-07,
  G1_G1_D1ss: -2.0611213784557985e-09, G1_Z0p: 0.005938869548256098, G1_Z0s: 0.00024976987925105575,
  G1_Z1p: 0.014575883237250556, G1_Z1s: 0.00024986592934198574, gA00: 1.2826059473817595,
  gA10: 0.08556517843852153, gA11: 2.1820937091505526, gV00: 1.0198986829728274, gV10: -0.03395965480084263,
  gV11: 1.1974988674835576}
