{E0: 0.49258425089452856, E1: -1.1277847746595389, G1_G1_C0ps: 4.1979301327614935e-08,
  G1_G1_C0ss: 1.8483084703150056e-10, G1_G1_C1ps: 3.3093555202026495e-09, G1_G1_C1ss: -7.982602804950608e-11,
  G1_G1_D0ps: -9.251459767676332e-08, G1_G1_D0ss: -6.235624277743179e-10, G1_G1_D1ps: 2.4987858669408364e-08,
  G1_G1_D1ss: -4.4049285063957473e-10, G1_Z0p: 0.002304586866878344, G1_Z0s: 2.1503409056138345e-05,
  G1_Z1p: 0.0013784692777401627, G1_Z1s: 1.4264038243400155e-05, gA00: 1.2879524558241495,
  gA10: -0.052690219138045245, gA11: 1.8286529431935277, gV00: 1.0231903429488978,
  gV10: -0.06271269238564928, gV11: 1.019762602678573}
