{E0: 0.6946540843296852, E1: -0.48259672396069353, G1_G1_C0ps: 9.997402997652342e-07,
  G1_G1_C0ss: 5.000725739917245e-08, G1_G1_C1ps: -1.3490468347210767e-08, G1_G1_C1ss: -1.2842287961918106e-08,
  G1_G1_D0ps: -1.0011320193180194e-06, G1_G1_D0ss: -3.9978779451443774e-08, G1_G1_D1ps: -5.8836262908862106e-08,
  G1_G1_D1ss: -3.755151554672728e-08, G1_Z0p: 0.0062639317995057614, G1_Z0s: 0.0002602070110774106,
  G1_Z1p: -0.005070020705795538, G1_Z1s: 6.185887239460479e-06, gA00: 1.2483463325368827,
  gA10: 0.22225657787767025, gA11: -16.36960408682365, gV00: 1.0173234986198116, gV10: -0.12121801010261359,
  gV11: -1.3192260017268724}
