{E0: 0.446627939666587, E1: -0.734684021472266, G1_G1_C0ps: 1.861639340807395e-08,
  G1_G1_C0ss: 1.0612580164546732e-10, G1_G1_C1ps: 7.472890126095661e-10, G1_G1_C1ss: -1.0721993367629232e-11,
  G1_G1_D0ps: -3.92362918444502e-08, G1_G1_D0ss: -1.2719833562425673e-10, G1_G1_D1ps: 4.988541867960652e-09,
  G1_G1_D1ss: -1.2742478580842135e-10, G1_Z0p: 0.002004023450046057, G1_Z0s: 1.1724780032039289e-05,
  G1_Z1p: 0.004909112639262392, G1_Z1s: 8.86149227258582e-06, gA00: 1.2790380962580425,
  gA10: 0.0657633139540549, gA11: 1.3845207925998442, gV00: 1.0214076472153097, gV10: -0.09017890786497992,
  gV11: 0.9938682287780037}
