{E0: 0.6816608831665744, E1: -0.07574377028627378, G1_G1_C0ps: -4.334336345607075e-06,
  G1_G1_C0ss: 1.529293389206583e-05, G1_G1_C1ps: 6.515562201842827e-07, G1_G1_C1ss: 2.4157205005425162e-08,
  G1_G1_D0ps: -2.2469247966854523e-06, G1_G1_D0ss: -9.360508995660855e-07, G1_G1_D1ps: 4.3929119786418646e-06,
  G1_G1_D1ss: -5.36431556799888e-08, G1_Z0p: 0.00588843928735266, G1_Z0s: 0.00024747659786011184,
  G1_Z1p: -1.7610573246950572, G1_Z1s: 4.886672399034004e-10, gA00: 1.2566289376963742,
  gA10: -0.012711004405256791, gA11: -4758.554588610222, gV00: 1.0193612540289847,
  gV10: -0.005474581150394648, gV11: -1368.6567191093513}
