{E0: 0.7101174726505721, E1: -0.15131543760312188, G1_G1_C0ps: -0.0003899465056018712,
  G1_G1_C0ss: 2.2838113634010232e-05, G1_G1_C1ps: -1.869680694086885e-05, G1_G1_C1ss: 1.0168042385335739e-06,
  G1_G1_D0ps: -7.009676618220238e-06, G1_G1_D0ss: -1.1893212327934342e-07, G1_G1_D1ps: -1.7162128231675313e-06,
  G1_G1_D1ss: 4.663114057362929e-08, G1_Z0p: 0.0060266115467111255, G1_Z0s: 0.0002482085827914691,
  G1_Z1p: -0.00010054914685728721, G1_Z1s: 2.800182974517666e-06, gA00: 1.247088697958835,
  gA10: -0.09297396522568152, gA11: -6948.174807629458, gV00: 1.017673721419372, gV10: -4.637007875171225,
  gV11: -14405.282459189964}
