{E0: 0.684714404128893, E1: -0.26281609606980244, G1_G1_C0ps: 1.1187776940482786e-05,
  G1_G1_C0ss: -6.531387028256699e-05, G1_G1_C1ps: 9.259160520492014e-06, G1_G1_C1ss: -1.75200983410303e-08,
  G1_G1_D0ps: -4.455516355431144e-06, G1_G1_D0ss: 3.6737112926813656e-05, G1_G1_D1ps: -3.363373181581128e-06,
  G1_G1_D1ss: -3.970638477209658e-08, G1_Z0p: 0.005977999868211144, G1_Z0s: 0.0002509054667697992,
  G1_Z1p: -1.1315483554886405, G1_Z1s: 5.5547729592091e-11, gA00: 1.255142807072644,
  gA10: 0.006435777627180071, gA11: -20534.265440732055, gV00: 1.0176992991892486,
  gV10: -0.01887428485521131, gV11: -3138.2264342565886}
