{E0: 0.568742401068753, E1: -1.1357762785543446, G1_G1_C0ps: 8.545992197060299e-08,
  G1_G1_C0ss: -3.7805187103784584e-10, G1_G1_C1ps: 4.7293747963423836e-09, G1_G1_C1ss: -2.6294041183323313e-10,
  G1_G1_D0ps: -1.3567666317026762e-07, G1_G1_D0ss: 2.023767745427241e-09, G1_G1_D1ps: -6.73957082477619e-08,
  G1_G1_D1ss: -8.035208082489056e-11, G1_Z0p: 0.00524260083417247, G1_Z0s: 2.278277640306832e-05,
  G1_Z1p: 0.003075295151323733, G1_Z1s: 1.5398761839409555e-05, gA00: 1.4646501834990593,
  gA10: -0.5189869498754571, gA11: 2.5247065914515727, gV00: 1.062838490201013, gV10: -0.1210040736337272,
  gV11: 1.7528343448280248}
