{E0: 0.7572446141336396, E1: -0.13599025637374187, G1_G1_C0ps: 0.0021518613721331656,
  G1_G1_C0ss: 2.6740707009710262e-06, G1_G1_C1ps: 0.000623204294115957, G1_G1_C1ss: -6.5550147154885636e-06,
  G1_G1_D0ps: -7.331904515289411e-05, G1_G1_D0ss: -7.30658209704013e-07, G1_G1_D1ps: -1.1485992411268216e-05,
  G1_G1_D1ss: -3.953686910398257e-09, G1_Z0p: 0.0109682630724129, G1_Z0s: 0.00041174434529652626,
  G1_Z1p: -0.00392185256697776, G1_Z1s: -0.00040794337968431667, gA00: 1.2287900001336813,
  gA10: -1.1154257438011725, gA11: 0.016660573661350934, gV00: 0.9958613064543903,
  gV10: 11.506778750404436, gV11: -0.04675189006123719}
