{E0: 0.682438592296248, E1: -0.8024278404765453, G1_G1_C0ps: 9.77454038605219e-07,
  G1_G1_C0ss: 5.126903533187283e-08, G1_G1_C1ps: 5.022851363897989e-08, G1_G1_C1ss: -3.4438087770695153e-09,
  G1_G1_D0ps: -1.2713778526483202e-06, G1_G1_D0ss: -3.0243030332900364e-08, G1_G1_D1ps: 6.045830530031145e-07,
  G1_G1_D1ss: -2.6477700765012223e-08, G1_Z0p: 0.005903269696007115, G1_Z0s: 0.00024706382043640594,
  G1_Z1p: 0.004365099334156384, G1_Z1s: 0.00014997769596170534, gA00: 1.2794440279420765,
  gA10: -0.03503662137281768, gA11: 1.998655658669016, gV00: 1.0169314504600984, gV10: -0.22327366159702883,
  gV11: 0.6248487440922815}
