{E0: 0.7118614865555954, E1: -0.19302946572246804, G1_G1_C0ps: -1.5193235055644828e-07,
  G1_G1_C0ss: 5.97299623882328e-09, G1_G1_C1ps: 6.106881084417094e-08, G1_G1_C1ss: -4.014530986499736e-09,
  G1_G1_D0ps: 3.4475453955211955e-06, G1_G1_D0ss: -1.1679319223772458e-07, G1_G1_D1ps: 2.994235894999575e-05,
  G1_G1_D1ss: -6.47746119567814e-08, G1_Z0p: 0.006095252388054603, G1_Z0s: 0.00025061469026369676,
  G1_Z1p: -0.09234254204747186, G1_Z1s: 0.00044447754888930324, gA00: 1.251872639458845,
  gA10: 0.34296455085031835, gA11: 1.1543430257628358, gV00: 1.0162951885365084, gV10: -0.00584563158091016,
  gV11: 1.006201718140421}
