{E0: 0.7089578378242166, E1: -0.2119162116859833, G1_G1_C0ps: 9.980963814094785e-07,
  G1_G1_C0ss: 5.001075369372111e-08, G1_G1_C1ps: -8.159278239254287e-08, G1_G1_C1ss: -3.409276273962462e-08,
  G1_G1_D0ps: -9.997856875193337e-07, G1_G1_D0ss: -2.997381933657861e-08, G1_G1_D1ps: 9.161729096594412e-09,
  G1_G1_D1ss: -8.30049471009582e-08, G1_Z0p: 0.005967924234242425, G1_Z0s: 0.00024702255782313844,
  G1_Z1p: -0.007860666689753592, G1_Z1s: 4.387132645442116e-06, gA00: 1.2385374718664808,
  gA10: 0.39171828393077895, gA11: -1.045241560202519, gV00: 1.0148504365313116, gV10: -0.22499196767521581,
  gV11: -1.538165103382051}
