{E0: 0.6832402075578436, E1: -0.4162561076362629, G1_G1_C0ps: 9.839817333052312e-07,
  G1_G1_C0ss: 4.4443336548157396e-08, G1_G1_C1ps: 7.471240015406319e-08, G1_G1_C1ss: -3.105989827736984e-09,
  G1_G1_D0ps: -1.35486897121518e-06, G1_G1_D0ss: 8.756061131046287e-09, G1_G1_D1ps: 1.652572379429864e-08,
  G1_G1_D1ss: -8.547241843954592e-09, G1_Z0p: 0.005923687020956755, G1_Z0s: 0.00024859571452456495,
  G1_Z1p: 0.009467664409328669, G1_Z1s: 0.00024864010292135715, gA00: 1.2802484631731526,
  gA10: 0.10195947563649613, gA11: 1.9864069250206493, gV00: 1.019244303153451, gV10: -0.059428947799277765,
  gV11: 1.124102693492349}
