{E0: 0.5706550189559692, E1: -0.6650180957749899, G1_G1_C0ps: -7.934994386339997e-07,
  G1_G1_C0ss: -1.1438626622623452e-08, G1_G1_C1ps: -1.385382511923789e-07, G1_G1_C1ss: -6.7595763825671235e-09,
  G1_G1_D0ps: -1.8417778974759866e-07, G1_G1_D0ss: -1.6042642817808947e-10, G1_G1_D1ps: -8.592230305245655e-08,
  G1_G1_D1ss: -5.630303208391966e-10, G1_Z0p: 0.0052485392202183566, G1_Z0s: 2.323688169440737e-05,
  G1_Z1p: 0.007745948394132376, G1_Z1s: 2.0363290874668188e-05, gA00: 1.3800379393648718,
  gA10: -0.09048556928551629, gA11: 1.7316228807070049, gV00: 0.9887361185735415,
  gV10: 0.5812395840100151, gV11: 0.24001672102679522}
