{E0: 0.7148670953097725, E1: -0.14359389433227845, G1_G1_C0ps: -2.4544846608033675e-05,
  G1_G1_C0ss: 2.778663001814582e-05, G1_G1_C1ps: -5.434593275311163e-06, G1_G1_C1ss: 7.902262768873284e-08,
  G1_G1_D0ps: -1.079203433790144e-06, G1_G1_D0ss: 1.667615521079507e-06, G1_G1_D1ps: -2.551041444031009e-06,
  G1_G1_D1ss: 1.6194296587597937e-08, G1_Z0p: 0.006285173716043682, G1_Z0s: 0.00025625654192494834,
  G1_Z1p: -9.762925633359512e-05, G1_Z1s: 1.527755248858051e-06, gA00: 1.2496374142596014,
  gA10: -0.13107340040680768, gA11: -17417.29167285073, gV00: 1.0165286681327281,
  gV10: -1.0283196837345585, gV11: -8321.774241674308}
