{E0: 0.7231590421090577, E1: -0.20981978229381246, G1_G1_C0ps: 9.999933567979986e-07,
  G1_G1_C0ss: 5.000018039794994e-08, G1_G1_C1ps: -1.0947126916896362e-09, G1_G1_C1ss: -3.784153973989682e-08,
  G1_G1_D0ps: -9.999914582471412e-07, G1_G1_D0ss: -2.999999511216366e-08, G1_G1_D1ps: 1.4075771667296178e-09,
  G1_G1_D1ss: -1.025310366561773e-09, G1_Z0p: 0.0065251261039822464, G1_Z0s: 0.00026273011447047566,
  G1_Z1p: 0.018135637062238148, G1_Z1s: -5.736563258852718e-07, gA00: 1.260452497595491,
  gA10: -1.2650342923553115, gA11: -0.12720627034919302, gV00: 1.0142395933346116,
  gV10: 0.11436618957159198, gV11: -10.01281865725318}
