{E0: 0.681157171120199, E1: 0.01847680437126209, G1_G1_C0ps: -2.0457673394868825e-05,
  G1_G1_C0ss: 2.8517646214353315e-08, G1_G1_C1ps: -3.431213694129771e-05, G1_G1_C1ss: -6.944638600759116e-09,
  G1_G1_D0ps: -1.3033758520594881e-05, G1_G1_D0ss: 5.102449476116631e-07, G1_G1_D1ps: -9.644990767427696e-05,
  G1_G1_D1ss: -4.461984101922966e-08, G1_Z0p: 0.005872157577514177, G1_Z0s: 0.0002469103357380624,
  G1_Z1p: -1.4400758897552826, G1_Z1s: 5.889571000912028e-05, gA00: 1.2570972921026613,
  gA10: -0.07367485305685292, gA11: 1.1206911410663951, gV00: 1.0189937330050496,
  gV10: -0.10902911295719042, gV11: 0.9857970111936443}
