{E0: 0.7206481132983807, E1: -0.25104555257146105, G1_G1_C0ps: 9.93041060782848e-07,
  G1_G1_C0ss: 5.0336133807261224e-08, G1_G1_C1ps: 8.968082904822071e-08, G1_G1_C1ss: -8.801652819258904e-09,
  G1_G1_D0ps: -1.0703825059974024e-06, G1_G1_D0ss: -2.881377595849995e-08, G1_G1_D1ps: 9.070296931911726e-07,
  G1_G1_D1ss: -3.1061234712493044e-08, G1_Z0p: 0.00645777440560544, G1_Z0s: 0.0002619052311528276,
  G1_Z1p: 0.0025642194528140874, G1_Z1s: 5.1182378332075194e-05, gA00: 1.2834348273717462,
  gA10: 0.031353668826424805, gA11: 13.714999298325816, gV00: 1.0168676985137928,
  gV10: 0.5495988330500892, gV11: 3.4001278300658444}
