{E0: 0.6838527361648354, E1: -0.8275405529833998, G1_G1_C0ps: 9.81358656014365e-07,
  G1_G1_C0ss: 4.407375882730425e-08, G1_G1_C1ps: 9.607735556432314e-09, G1_G1_C1ss: -1.6524934694137404e-09,
  G1_G1_D0ps: -1.9798490320458584e-06, G1_G1_D0ss: -7.654860013904904e-09, G1_G1_D1ps: 9.042239112657043e-08,
  G1_G1_D1ss: -4.9398561377707264e-09, G1_Z0p: 0.005930480370090585, G1_Z0s: 0.00024920332152918786,
  G1_Z1p: 0.004606001646173016, G1_Z1s: 0.00011708728683972714, gA00: 1.2928150806080887,
  gA10: -0.1919090648192267, gA11: 2.022682609503746, gV00: 1.0203906987912088, gV10: -0.04237367144841338,
  gV11: 1.1727127870549097}
