{E0: 0.6867968225724916, E1: -0.33650149372324384, G1_G1_C0ps: 9.701489353675043e-07,
  G1_G1_C0ss: 5.164155123703752e-08, G1_G1_C1ps: 3.312788270034325e-08, G1_G1_C1ss: -2.868020327270578e-09,
  G1_G1_D0ps: -1.5050631761197042e-06, G1_G1_D0ss: -2.1730758084768086e-08, G1_G1_D1ps: 5.605015687395729e-07,
  G1_G1_D1ss: -3.1918863633199674e-08, G1_Z0p: 0.006028996980061033, G1_Z0s: 0.00025228427338413757,
  G1_Z1p: 0.007180860049756753, G1_Z1s: 0.0001908649401517872, gA00: 1.2771159635268283,
  gA10: 0.13063089549924195, gA11: 2.4062823585913025, gV00: 1.0203922402805972, gV10: 0.002083667349754126,
  gV11: 1.2817947981366953}
