{E0: 0.7144266551026751, E1: -0.7741310375855176, G1_G1_C0ps: 1.2453568029021953e-06,
  G1_G1_C0ss: 6.327219707301323e-08, G1_G1_C1ps: -9.89701178034191e-08, G1_G1_C1ss: -7.722727445820983e-09,
  G1_G1_D0ps: -1.4373777986432835e-06, G1_G1_D0ss: -2.2535636565766536e-08, G1_G1_D1ps: 9.425663736231549e-07,
  G1_G1_D1ss: -2.066926121036372e-08, G1_Z0p: 0.006259349111164294, G1_Z0s: 0.0002552185748790296,
  G1_Z1p: 0.0033165705871198922, G1_Z1s: 0.00012562405326990253, gA00: 1.2625818448672945,
  gA10: 0.054350763944540775, gA11: 2.112430722679262, gV00: 1.017939578428826, gV10: 0.09571676883841108,
  gV11: 1.6178496483861404}
