{E0: 0.7122273898223089, E1: -0.6397833546358256, G1_G1_C0ps: 9.894353744526245e-07,
  G1_G1_C0ss: 5.0609058730095376e-08, G1_G1_C1ps: 1.6205515539813535e-08, G1_G1_C1ss: -1.2684202719275984e-09,
  G1_G1_D0ps: -1.507095155507451e-06, G1_G1_D0ss: -1.944650983550936e-08, G1_G1_D1ps: 7.778542065479316e-07,
  G1_G1_D1ss: -2.1978604371966734e-08, G1_Z0p: 0.00620405215701794, G1_Z0s: 0.00025136636673351963,
  G1_Z1p: 0.005836852809765811, G1_Z1s: 0.00017418422364191797, gA00: 1.275317618543132,
  gA10: 0.040810343007535936, gA11: 1.7578481803374624, gV00: 1.0171089013847874,
  gV10: -0.037612592798459646, gV11: 1.1303163942136232}
