{E0: 0.5818308172598552, E1: -0.16555927757229047, G1_G1_C0ps: -4.493191718459375e-06,
  G1_G1_C0ss: -1.12699406612916e-10, G1_G1_C1ps: 6.684120163499445e-07, G1_G1_C1ss: 1.1073725440865878e-09,
  G1_G1_D0ps: -1.819412328173895e-05, G1_G1_D0ss: 6.756003077189013e-09, G1_G1_D1ps: 2.633084309832245e-06,
  G1_G1_D1ss: 8.650437441337665e-09, G1_Z0p: 0.0056484760402940185, G1_Z0s: 2.434486450902516e-05,
  G1_Z1p: -0.0006382814401141635, G1_Z1s: 3.1251594791221656e-05, gA00: 1.3192447493478714,
  gA10: -0.5218256401580248, gA11: 0.31583347021975794, gV00: 1.0161530829806582,
  gV10: 0.3996552143538813, gV11: 1.1284991655568715}
