{E0: 0.44683077157277185, E1: -0.7317910594412323, G1_G1_C0ps: 6.223958771138598e-10,
  G1_G1_C0ss: -6.35824317859932e-10, G1_G1_C1ps: 1.0541470021902954e-08, G1_G1_C1ss: -6.018386837131313e-10,
  G1_G1_D0ps: 1.245821235776193e-07, G1_G1_D0ss: -7.447333244090232e-10, G1_G1_D1ps: 2.591006194613756e-07,
  G1_G1_D1ss: -8.547827153876003e-10, G1_Z0p: 0.002010955480574675, G1_Z0s: 1.170708319581554e-05,
  G1_Z1p: 0.0035403757340824312, G1_Z1s: 1.153675849202423e-05, gA00: 1.2825895918183274,
  gA10: -0.02044049537838702, gA11: 1.420972462871333, gV00: 1.0212171256408213, gV10: 0.013900699386230692,
  gV11: 0.9901986034560533}
