{E0: 0.4459066865000604, E1: -0.7205981847616896, G1_G1_C0ps: 1.915619194979006e-08,
  G1_G1_C0ss: 1.0382092997052978e-10, G1_G1_C1ps: 4.105292518695617e-10, G1_G1_C1ss: -5.655197757268986e-12,
  G1_G1_D0ps: -4.039953297306794e-08, G1_G1_D0ss: -1.161021067637207e-10, G1_G1_D1ps: 5.059577815609646e-09,
  G1_G1_D1ss: -1.241737433904313e-10, G1_Z0p: 0.0019961756872898207, G1_Z0s: 1.1688548019904684e-05,
  G1_Z1p: 0.004991569999925943, G1_Z1s: 9.607806701744909e-06, gA00: 1.2748759036557589,
  gA10: 0.08395700311783957, gA11: 1.3599092598405922, gV00: 1.0233319378582213, gV10: -0.08518770672336719,
  gV11: 1.0454922290274171}
