{E0: 0.7114786981432238, E1: -0.8869947043035818, G1_G1_C0ps: -0.0007350430287635259,
  G1_G1_C0ss: -5.744973848008629e-06, G1_G1_C1ps: 2.1829826487768415e-07, G1_G1_C1ss: 6.286647147422748e-09,
  G1_G1_D0ps: 0.0004339124753366097, G1_G1_D0ss: 8.122738995029142e-06, G1_G1_D1ps: 8.703869792675674e-07,
  G1_G1_D1ss: -2.0736193198324522e-08, G1_Z0p: 0.006071055183079249, G1_Z0s: 0.00024990471762172025,
  G1_Z1p: -6.023985750774287e-06, G1_Z1s: -2.797072451778036e-07, gA00: 1.2631358459097166,
  gA10: -0.062330644738237115, gA11: 167351.0114606525, gV00: 1.0147054319969833,
  gV10: 0.12460269438127271, gV11: -45125.284758188114}
