{E0: 0.5691633236652007, E1: -1.164748725744783, G1_G1_C0ps: 6.974962675623494e-07,
  G1_G1_C0ss: -1.2374357596829717e-10, G1_G1_C1ps: 2.8121850279804156e-07, G1_G1_C1ss: 5.606451051736822e-11,
  G1_G1_D0ps: 2.2349823991518027e-06, G1_G1_D0ss: 4.5692025612090096e-08, G1_G1_D1ps: -1.377823553970635e-06,
  G1_G1_D1ss: 8.627986611398033e-09, G1_Z0p: 0.005247724476971805, G1_Z0s: 2.2789822111033226e-05,
  G1_Z1p: 0.003021356743094303, G1_Z1s: 1.5213999863627006e-05, gA00: 1.4837404923544257,
  gA10: -3.6980887477991895, gA11: 2.6864829276360793, gV00: 1.068272268589879, gV10: -0.07787443824508615,
  gV11: 1.7983256826545784}
