{E0: 0.4468434939834311, E1: -0.7387777883991203, G1_G1_C0ps: -3.373817966975778e-09,
  G1_G1_C0ss: -6.368531566839256e-11, G1_G1_C1ps: -1.967943527075268e-08, G1_G1_C1ss: -1.2010961310598674e-10,
  G1_G1_D0ps: -1.7987104723536812e-08, G1_G1_D0ss: 5.250990827255328e-10, G1_G1_D1ps: -4.57359374903515e-08,
  G1_G1_D1ss: 1.8113574034928715e-10, G1_Z0p: 0.0020107263370809213, G1_Z0s: 1.1708584297169784e-05,
  G1_Z1p: 0.0035079606016264367, G1_Z1s: 1.1388011630493403e-05, gA00: 1.2837741715220428,
  gA10: -0.18876207123933572, gA11: 1.42346292876568, gV00: 1.0212392156887304, gV10: -0.0524200269370525,
  gV11: 0.9932634632896302}
