{E0: 0.7113319464120427, E1: -0.336318278720547, G1_G1_C0ps: 1.386495014929223e-06,
  G1_G1_C0ss: -2.591287904956579e-06, G1_G1_C1ps: 3.7337557200919904e-06, G1_G1_C1ss: -1.4092950154206714e-08,
  G1_G1_D0ps: -4.544638681199882e-06, G1_G1_D0ss: 9.286855332982411e-08, G1_G1_D1ps: -4.750343152324335e-06,
  G1_G1_D1ss: -3.115534226259807e-08, G1_Z0p: 0.0061128343940329635, G1_Z0s: 0.00025047994732079333,
  G1_Z1p: -1.2827459750073635, G1_Z1s: 1.1182248262839813e-10, gA00: 1.255012206774008,
  gA10: 0.006739833798981542, gA11: -9505.171651359497, gV00: 1.0162615078139268,
  gV10: -0.007223738007026753, gV11: -1509.6746059745913}
