{E0: 0.7151023365512972, E1: -0.5158417227863218, G1_G1_C0ps: 4.25477446349042e-06,
  G1_G1_C0ss: 4.0534001084873004e-05, G1_G1_C1ps: 9.913116637642003e-07, G1_G1_C1ss: -8.946149208385728e-09,
  G1_G1_D0ps: -6.21089063478377e-05, G1_G1_D0ss: 0.0002600668990554388, G1_G1_D1ps: -9.23198116141911e-06,
  G1_G1_D1ss: -5.896312268093806e-08, G1_Z0p: 0.006292188362407838, G1_Z0s: 0.0002564390878100951,
  G1_Z1p: -0.7931300556144839, G1_Z1s: 4.1162770089026075e-11, gA00: 1.247511804679572,
  gA10: 0.025651921532851354, gA11: 5105.137212376867, gV00: 1.0161122731125907, gV10: -0.0029257459249078205,
  gV11: -2840.3136083432946}
