{E0: 0.5811143399531636, E1: -0.18040561762805674, G1_G1_C0ps: -5.859964507607264e-06,
  G1_G1_C0ss: -6.568307388289586e-11, G1_G1_C1ps: 5.118902757753564e-07, G1_G1_C1ss: -6.613840265906863e-10,
  G1_G1_D0ps: -7.251961201235026e-07, G1_G1_D0ss: -1.1864661648697108e-11, G1_G1_D1ps: 1.7956860792735644e-07,
  G1_G1_D1ss: -2.514675053996266e-10, G1_Z0p: 0.0056360495912858005, G1_Z0s: 2.4280143528137635e-05,
  G1_Z1p: -0.0005116749369853236, G1_Z1s: 3.098646040919266e-05, gA00: 1.298006571879429,
  gA10: 0.20124951744835484, gA11: 0.8951541008426042, gV00: 1.0144555853082622, gV10: -0.2268829321310489,
  gV11: 0.6148110815145548}
