{E0: 0.44785708000433594, E1: -0.5417984207696843, G1_G1_C0ps: 1.6750279376341434e-08,
  G1_G1_C0ss: 5.845921974076932e-10, G1_G1_C1ps: -1.3518283765540673e-08, G1_G1_C1ss: 3.3834227686676e-10,
  G1_G1_D0ps: -2.9618623312120955e-08, G1_G1_D0ss: 2.3489586055862972e-11, G1_G1_D1ps: 1.3688966089608588e-08,
  G1_G1_D1ss: -5.990020883903445e-11, G1_Z0p: 0.0020232308275748893, G1_Z0s: 1.1813335128498813e-05,
  G1_Z1p: 0.008111110630396143, G1_Z1s: 1.0049141426304061e-05, gA00: 1.2838374892967732,
  gA10: 0.06641545795045735, gA11: 1.4447630620638914, gV00: 1.0219082290010966, gV10: -0.10153944609192982,
  gV11: 1.0053632567163544}
