{E0: 0.6782325932514444, E1: -0.9768846504477512, G1_G1_C0ps: 9.168540728968977e-07,
  G1_G1_C0ss: 4.352012843201504e-08, G1_G1_C1ps: 7.321950131022966e-08, G1_G1_C1ss: 4.5941503570127465e-11,
  G1_G1_D0ps: -5.170604348704795e-07, G1_G1_D0ss: -4.715463066877411e-09, G1_G1_D1ps: 3.4092087695629545e-07,
  G1_G1_D1ss: -2.0104740813541026e-08, G1_Z0p: 0.005721191558608338, G1_Z0s: 0.00024086370140131408,
  G1_Z1p: 0.005363564080899852, G1_Z1s: 0.00019127521967541387, gA00: 1.2980151973809797,
  gA10: -0.14851318876161565, gA11: 1.470557050524012, gV00: 1.0160534867332651, gV10: -0.079624906237515,
  gV11: 0.9104818259599918}
