{E0: 0.6821328299165931, E1: -0.818401864969178, G1_G1_C0ps: -1.1018362187831417e-05,
  G1_G1_C0ss: -5.196512327841193e-07, G1_G1_C1ps: -2.8020822842698926e-06, G1_G1_C1ss: -1.2877074787746516e-07,
  G1_G1_D0ps: -1.178632903804488e-06, G1_G1_D0ss: -2.2219320713052642e-08, G1_G1_D1ps: 6.736695056306499e-07,
  G1_G1_D1ss: -2.2075208497878324e-08, G1_Z0p: 0.005895721776720237, G1_Z0s: 0.00024693031653735386,
  G1_Z1p: -0.004321563410040463, G1_Z1s: -0.00014642776458270292, gA00: 1.2820602084451693,
  gA10: 0.04061713904529787, gA11: 2.028821498163186, gV00: 1.0106813683442408, gV10: 0.09870384987766143,
  gV11: -0.14188529860180857}
