{E0: 0.6841094034062155, E1: -0.5934592905122965, G1_G1_C0ps: 1.905650856401046e-06,
  G1_G1_C0ss: 3.169050848702437e-08, G1_G1_C1ps: 1.944214945761812e-07, G1_G1_C1ss: -1.426942476298274e-08,
  G1_G1_D0ps: -1.4399840170329774e-06, G1_G1_D0ss: -9.78707391343972e-08, G1_G1_D1ps: 4.983127626828861e-07,
  G1_G1_D1ss: -5.1105448167193746e-08, G1_Z0p: 0.005959020483856513, G1_Z0s: 0.00024995372998821384,
  G1_Z1p: 0.005685877357787877, G1_Z1s: 0.00014234859499685665, gA00: 1.2734006251800705,
  gA10: 0.013459000109178068, gA11: 2.141205171947088, gV00: 1.0205102968989257, gV10: -0.06438843527341989,
  gV11: 1.2615428720276842}
