{E0: 0.6840335489473528, E1: -0.16341588876465596, G1_G1_C0ps: 1.0140679449729242e-06,
  G1_G1_C0ss: 4.907080819851854e-08, G1_G1_C1ps: -1.493720493375777e-08, G1_G1_C1ss: 6.749175411485743e-10,
  G1_G1_D0ps: -1.4458573453534156e-06, G1_G1_D0ss: -1.9669991385679426e-08, G1_G1_D1ps: 4.734069223472232e-07,
  G1_G1_D1ss: -1.4766681542623886e-08, G1_Z0p: 0.006029119388656763, G1_Z0s: 0.00025060893938666913,
  G1_Z1p: 0.0048393636661270625, G1_Z1s: 0.0002940517373731359, gA00: 1.1917441547810796,
  gA10: 0.31180089461015564, gA11: 0.8508699439550517, gV00: 1.0171375469394712, gV10: -0.11475364177886428,
  gV11: 0.9776902852429277}
