{E0: 0.5665762416551184, E1: -1.2617943938604252, G1_G1_C0ps: -1.8595811284075083e-07,
  G1_G1_C0ss: -4.2790055428506256e-10, G1_G1_C1ps: -1.1918352073843469e-07, G1_G1_C1ss: -3.5433778043643866e-10,
  G1_G1_D0ps: -1.8082482563945565e-06, G1_G1_D0ss: -2.3690596569240427e-09, G1_G1_D1ps: 1.224397071408862e-09,
  G1_G1_D1ss: 1.6012194366754728e-09, G1_Z0p: 0.005167412756205528, G1_Z0s: 2.241480791016434e-05,
  G1_Z1p: 0.0031384797171352583, G1_Z1s: 1.5492099495615384e-05, gA00: 1.4379513184375128,
  gA10: 0.564175806913505, gA11: 2.0253625125119896, gV00: 1.089266069364996, gV10: -0.20382919195986446,
  gV11: 1.871428145548298}
