{E0: 0.4929815208695711, E1: -1.1167580656395775, G1_G1_C0ps: 3.2698197345331983e-09,
  G1_G1_C0ss: 4.893596654713597e-10, G1_G1_C1ps: -1.1419611384898255e-08, G1_G1_C1ss: 4.810426144692781e-11,
  G1_G1_D0ps: 3.7324745584161767e-07, G1_G1_D0ss: 3.5466773920099175e-10, G1_G1_D1ps: 6.874324974911559e-08,
  G1_G1_D1ss: -1.2655104980537295e-09, G1_Z0p: 0.0022985607938310684, G1_Z0s: 2.1609524015837323e-05,
  G1_Z1p: 0.0016255184651345629, G1_Z1s: 1.289281585584146e-05, gA00: 1.3191234336703892,
  gA10: -0.6402224348931547, gA11: 2.182341892785527, gV00: 1.023555921890875, gV10: -0.05875901021866513,
  gV11: 1.0327433744348469}
