{E0: 0.5697541997869257, E1: -0.6261578628424069, G1_G1_C0ps: 1.9770847474353032e-07,
  G1_G1_C0ss: 7.162078253006005e-10, G1_G1_C1ps: 2.7105988323151797e-07, G1_G1_C1ss: 5.445920911570573e-10,
  G1_G1_D0ps: 5.358907438754878e-08, G1_G1_D0ss: -8.101537318554654e-10, G1_G1_D1ps: -2.391387921902994e-07,
  G1_G1_D1ss: -2.5339867096379772e-09, G1_Z0p: 0.00524265752025647, G1_Z0s: 2.3161030468498e-05,
  G1_Z1p: 0.007887074228318084, G1_Z1s: 2.1978188276573397e-05, gA00: 1.382385392314002,
  gA10: -0.4476999889310514, gA11: 1.713612252904617, gV00: 1.0127122178701828, gV10: 0.04990597340966412,
  gV11: 1.1629659991712185}
