{E0: 0.4469352124322024, E1: -0.7094387499283293, G1_G1_C0ps: 2.8862945944918398e-08,
  G1_G1_C0ss: -2.0543836358399058e-10, G1_G1_C1ps: -1.732675754606195e-08, G1_G1_C1ss: -2.415204624473918e-10,
  G1_G1_D0ps: -4.7083074613361686e-08, G1_G1_D0ss: 4.5346168510976705e-11, G1_G1_D1ps: -5.6930237685796236e-08,
  G1_G1_D1ss: -1.0509546902490962e-10, G1_Z0p: 0.0020084990531908063, G1_Z0s: 1.1744418186290068e-05,
  G1_Z1p: 0.005232680577985278, G1_Z1s: 8.880561788753368e-06, gA00: 1.278328493110227,
  gA10: -0.033682063523351624, gA11: 1.384718659190442, gV00: 1.0222307925392202,
  gV10: -0.17890787986375348, gV11: 0.9950774776632899}
