{E0: 0.5819211025966132, E1: -0.1513996654644911, G1_G1_C0ps: -1.4582834988121618e-05,
  G1_G1_C0ss: 1.2411321247088675e-09, G1_G1_C1ps: 1.8044935711576618e-06, G1_G1_C1ss: -1.1755332804983272e-09,
  G1_G1_D0ps: -0.0001785118119054112, G1_G1_D0ss: 1.7022501316393775e-08, G1_G1_D1ps: 2.3763094223233124e-05,
  G1_G1_D1ss: -2.2220248100403774e-08, G1_Z0p: 0.005640701428434741, G1_Z0s: 2.4337096490840482e-05,
  G1_Z1p: -0.000642060486674804, G1_Z1s: 3.169417529754763e-05, gA00: 1.3430696218101736,
  gA10: -11.586412865613436, gA11: -0.26764235352402266, gV00: 1.013286541999094,
  gV10: -0.8529622849737523, gV11: 0.5495912374544313}
