{E0: 0.6868892896966943, E1: -0.8715460064986431, E2: -0.840087805987423, G1_G1_C0ps: 4.887328953815479e-07,
  G1_G1_C0ss: 3.978352103099747e-08, G1_G1_C1ps: -7.419330726855778e-07, G1_G1_C1ss: 4.2673967031032536e-08,
  G1_G1_D0ps: -1.0096234361445313e-06, G1_G1_D0ss: -3.5214793483413546e-08, G1_G1_D1ps: -2.3594879411623035e-07,
  G1_G1_D1ss: 2.7140462566226396e-08, G1_G1_D2ps: 1.7830314614557366e-07, G1_G1_D2ss: -5.962792703368171e-09,
  G1_Z0p: 0.006005527953428288, G1_Z0s: 0.0002523785994111167, G1_Z1p: 0.005015669519309133,
  G1_Z1s: 6.817235148753012e-05, G1_Z2p: 0.0019874820764232064, G1_Z2s: 0.0002688302226338354,
  gA00: 1.2797797894539025, gA10: -0.384090771573377, gA11: 1.5040727626317871, gA20: 0.5119919867588911,
  gA21: 0.1381270949130663, gA22: 0.6413322112293596, gV00: 1.03053289764863, gV10: -0.20694867211019277,
  gV11: 1.7271567795617642}
