{E0: 0.7147117391286074, E1: -0.4677680967490323, G1_G1_C0ps: 4.202256822953156e-06,
  G1_G1_C0ss: 9.601213284535393e-06, G1_G1_C1ps: 6.144993341942037e-06, G1_G1_C1ss: -9.857438819339092e-09,
  G1_G1_D0ps: -8.596973989505041e-06, G1_G1_D0ss: 2.4278365514031585e-06, G1_G1_D1ps: -1.6467811617841134e-05,
  G1_G1_D1ss: -4.336939903290483e-08, G1_Z0p: 0.006281596702495178, G1_Z0s: 0.0002560308517309823,
  G1_Z1p: -1.269785187864877, G1_Z1s: 2.7101327144966988e-11, gA00: 1.2463181479509546,
  gA10: 0.02430701020139202, gA11: -14469.895294214974, gV00: 1.016199349477248, gV10: -0.009397640182816601,
  gV11: -3385.536775599705}
