{E0: 0.7149998533032585, E1: -0.10995216349501215, G1_G1_C0ps: -6.811585235523236e-06,
  G1_G1_C0ss: -4.065230281757927e-05, G1_G1_C1ps: -1.402249218424637e-05, G1_G1_C1ss: 3.4295953281877146e-08,
  G1_G1_D0ps: -7.724465090314185e-06, G1_G1_D0ss: 1.5667719686097526e-07, G1_G1_D1ps: -3.750857301455102e-06,
  G1_G1_D1ss: 7.213722631873981e-09, G1_Z0p: 0.006285003087508702, G1_Z0s: 0.00025626945799818516,
  G1_Z1p: -0.00019699331247227602, G1_Z1s: 2.1073903415766803e-06, gA00: 1.2519353762066927,
  gA10: -0.33856434354034665, gA11: -8037.078128158216, gV00: 1.0160130459491137,
  gV10: -2.029211504941249, gV11: -5885.523552707962}
