{E0: 0.4477375863628357, E1: -0.5548063292351942, G1_G1_C0ps: 1.4992400192921373e-08,
  G1_G1_C0ss: -2.0990037533503628e-10, G1_G1_C1ps: 1.791483812461995e-09, G1_G1_C1ss: -2.1456150808965805e-10,
  G1_G1_D0ps: -4.6432598959399895e-08, G1_G1_D0ss: -7.193976937047497e-10, G1_G1_D1ps: -2.5272537952967313e-08,
  G1_G1_D1ss: -5.761389346175052e-10, G1_Z0p: 0.002021456032572987, G1_Z0s: 1.1803711725889884e-05,
  G1_Z1p: 0.007834299771294293, G1_Z1s: 1.0013250560499846e-05, gA00: 1.2826944803073648,
  gA10: 0.08743918593729891, gA11: 1.4368674641309243, gV00: 1.0218778277869398, gV10: -0.07469653994306395,
  gV11: 1.0022987271413255}
