{E0: 0.5815298048770646, E1: -0.178991955538475, G1_G1_C0ps: 1.7354377116867912e-07,
  G1_G1_C0ss: 2.948177966438621e-10, G1_G1_C1ps: -8.245581362927296e-08, G1_G1_C1ss: 2.0054253828155064e-10,
  G1_G1_D0ps: 1.570858089438844e-05, G1_G1_D0ss: 9.953366699585506e-11, G1_G1_D1ps: -1.9352055766238254e-06,
  G1_G1_D1ss: 1.4235553524634882e-09, G1_Z0p: 0.00564592394039031, G1_Z0s: 2.431561647236097e-05,
  G1_Z1p: -0.0006070694319602535, G1_Z1s: 3.088767661116564e-05, gA00: 1.3180734207229359,
  gA10: 0.3136313962705419, gA11: 0.3264615006134295, gV00: 1.0216405413199816, gV10: 0.030561380390323092,
  gV11: 1.1262200039535575}
