{E0: 0.6831813251395776, E1: -0.8461387817522654, G1_G1_C0ps: 9.97156645057554e-07,
  G1_G1_C0ss: 5.015962701910795e-08, G1_G1_C1ps: 8.003844672522804e-09, G1_G1_C1ss: -5.409570097693467e-10,
  G1_G1_D0ps: -1.2181255553531044e-06, G1_G1_D0ss: -3.211299910164431e-08, G1_G1_D1ps: 6.140081345911486e-07,
  G1_G1_D1ss: -2.6728109343444336e-08, G1_Z0p: 0.005930570213893289, G1_Z0s: 0.0002480421610823486,
  G1_Z1p: 0.0038785319389065256, G1_Z1s: 0.0001347414891841853, gA00: 1.290143445580723,
  gA10: -0.08785579112902116, gA11: 2.2708201497650555, gV00: 1.0218099162823013,
  gV10: -0.032539744247229205, gV11: 1.273258157632525}
