{E0: 0.7106142307070391, E1: -0.4686356534957477, G1_G1_C0ps: 3.3888082875454466e-06,
  G1_G1_C0ss: -1.2474420009524842e-05, G1_G1_C1ps: 5.486388537022732e-06, G1_G1_C1ss: -9.514292788819027e-09,
  G1_G1_D0ps: -7.722122907211467e-06, G1_G1_D0ss: 4.7235853325316e-07, G1_G1_D1ps: -1.4494870622251252e-05,
  G1_G1_D1ss: -4.079253845916283e-08, G1_Z0p: 0.006123761322188014, G1_Z0s: 0.0002494716955728442,
  G1_Z1p: -1.2058315870780283, G1_Z1s: 3.4130072635392014e-11, gA00: 1.2469328642319535,
  gA10: 0.02317493173252476, gA11: -11608.015113559672, gV00: 1.0161619688289125,
  gV10: -0.009061938118101244, gV11: -2498.2489764281477}
