{E0: 0.4477375863661832, E1: -0.554806328884931, G1_G1_C0ps: 1.163297743112273e-08,
  G1_G1_C0ss: -1.8569679511949904e-10, G1_G1_C1ps: 3.2448311529073887e-09, G1_G1_C1ss: -1.8422645318691858e-10,
  G1_G1_D0ps: -3.3173750124734055e-08, G1_G1_D0ss: -9.996491992093526e-10, G1_G1_D1ps: 8.595661290453887e-09,
  G1_G1_D1ss: -7.878670723602856e-10, G1_Z0p: 0.0020214560326191917, G1_Z0s: 1.1803711726147389e-05,
  G1_Z1p: 0.00783429978372209, G1_Z1s: 1.0013250555784202e-05, gA00: 1.2826944803048863,
  gA10: 0.0742244921774427, gA11: 1.4368674641632548, gV00: 1.0218778277879312, gV10: -0.05771001554364117,
  gV11: 1.0022987271609585}
