{E0: 0.491821191732201, E1: -1.1876115952521673, G1_G1_C0ps: -1.1789977775924853e-08,
  G1_G1_C0ss: 1.154111617108344e-10, G1_G1_C1ps: -1.029135548556434e-08, G1_G1_C1ss: -2.2008927900682907e-11,
  G1_G1_D0ps: 1.8249030247014834e-07, G1_G1_D0ss: -6.954001941773391e-09, G1_G1_D1ps: 1.623267111462436e-07,
  G1_G1_D1ss: -2.51188487108708e-09, G1_Z0p: 0.0022833748958905496, G1_Z0s: 2.1448584478276625e-05,
  G1_Z1p: 0.0015682283543943353, G1_Z1s: 1.3068617667550991e-05, gA00: 1.280907742574169,
  gA10: 0.03197943247425277, gA11: 1.4951147224154284, gV00: 1.0240217505302587, gV10: -0.032542053341273025,
  gV11: 1.0398860236766811}
