{E0: 0.683724860273249, E1: -0.11040491044695563, G1_G1_C0ps: -2.6780396776552794e-06,
  G1_G1_C0ss: -0.00046036693353848906, G1_G1_C1ps: -2.5997239583905255e-06, G1_G1_C1ss: 5.4882961778393116e-08,
  G1_G1_D0ps: -8.838367505282188e-06, G1_G1_D0ss: 1.0517352835391744e-05, G1_G1_D1ps: 1.8999259886732807e-06,
  G1_G1_D1ss: -5.065027303852369e-08, G1_Z0p: 0.005955036738306384, G1_Z0s: 0.00025013421500364873,
  G1_Z1p: -1.120595995848988, G1_Z1s: 2.2337965571986768e-10, gA00: 1.256363074223228,
  gA10: -0.011924635993979922, gA11: -14125.212605425184, gV00: 1.0196063088388254,
  gV10: 0.039781308414063764, gV11: 7955.655805287182}
