{E0: 0.6815253941719378, E1: -0.1007619061781742, G1_G1_C0ps: -7.953325359822856e-06,
  G1_G1_C0ss: -1.2727598055718216e-05, G1_G1_C1ps: -2.3149136242139414e-06, G1_G1_C1ss: 5.620933988160747e-08,
  G1_G1_D0ps: -6.092169296857157e-06, G1_G1_D0ss: 2.126762347256926e-06, G1_G1_D1ps: 2.135146623428062e-06,
  G1_G1_D1ss: -5.0934296494391763e-08, G1_Z0p: 0.005886064135948426, G1_Z0s: 0.00024735528514925197,
  G1_Z1p: -1.3395080578872698, G1_Z1s: 1.6127522212167326e-09, gA00: 1.256486202402137,
  gA10: -0.010818230199663211, gA11: -1662.7691415037152, gV00: 1.0195804668168755,
  gV10: 0.027514950125183586, gV11: 662.9364260358756}
