{E0: 0.44694416195721137, E1: -0.7063738050059456, G1_G1_C0ps: 2.1766437925299514e-08,
  G1_G1_C0ss: -3.4046471650130737e-10, G1_G1_C1ps: 1.0778748189569371e-09, G1_G1_C1ss: -2.703211615198961e-10,
  G1_G1_D0ps: -4.6291322059911455e-09, G1_G1_D0ss: -3.6016321143834834e-10, G1_G1_D1ps: 8.344746537232501e-10,
  G1_G1_D1ss: -3.731110371112854e-10, G1_Z0p: 0.002008234163566294, G1_Z0s: 1.1745648775919716e-05,
  G1_Z1p: 0.005347527877110575, G1_Z1s: 8.808492303659752e-06, gA00: 1.2782352836113866,
  gA10: -0.08985507427823344, gA11: 1.3837862640655914, gV00: 1.0214713554117985,
  gV10: -0.1037841837509457, gV11: 0.9924900039108785}
