{E0: 0.6869832476735449, E1: -0.6479595315568788, G1_G1_C0ps: 9.951449424341124e-07,
  G1_G1_C0ss: 5.02729105209855e-08, G1_G1_C1ps: 1.1097536852916862e-08, G1_G1_C1ss: -7.65758300937089e-10,
  G1_G1_D0ps: -1.3015969185174876e-06, G1_G1_D0ss: -2.913741979254328e-08, G1_G1_D1ps: 6.893806865005149e-07,
  G1_G1_D1ss: -3.0479260871379475e-08, G1_Z0p: 0.006019459099810645, G1_Z0s: 0.0002522139178897649,
  G1_Z1p: 0.004411224605520434, G1_Z1s: 0.00015056804433868066, gA00: 1.3081718778165248,
  gA10: -0.0605834691476325, gA11: 2.941994692050491, gV00: 1.021883038325353, gV10: -0.008947822225541182,
  gV11: 1.358158729132293}
