{E0: 0.7106791621696619, E1: -0.10470233406360507, G1_G1_C0ps: -3.367260914915503e-06,
  G1_G1_C0ss: 6.944339863925941e-08, G1_G1_C1ps: -1.4896303866233155e-06, G1_G1_C1ss: -2.265970504909846e-08,
  G1_G1_D0ps: -3.463654503108251e-08, G1_G1_D0ss: -2.1926719776874444e-08, G1_G1_D1ps: 7.831462456301294e-06,
  G1_G1_D1ss: -3.51055417367403e-08, G1_Z0p: 0.006045916046374334, G1_Z0s: 0.00024885545416152515,
  G1_Z1p: -0.08063643724669341, G1_Z1s: 0.0006844731412288678, gA00: 1.2493729643296692,
  gA10: 0.0589976931823009, gA11: 1.1560562350236563, gV00: 1.0164046424384725, gV10: -0.2766859408235909,
  gV11: 0.9502033172087194}
