{E0: 0.49283403327465164, E1: -1.086712148852003, G1_G1_C0ps: 1.1004986377797265e-08,
  G1_G1_C0ss: 4.3316963664319485e-10, G1_G1_C1ps: -7.323798437677738e-10, G1_G1_C1ss: 9.654639054777606e-11,
  G1_G1_D0ps: 3.932611180516259e-07, G1_G1_D0ss: 6.350877622180607e-10, G1_G1_D1ps: 1.3831397172833783e-07,
  G1_G1_D1ss: -7.246624682865048e-10, G1_Z0p: 0.002302089623185858, G1_Z0s: 2.1610613910128084e-05,
  G1_Z1p: 0.0015976824356767638, G1_Z1s: 1.3318407675969387e-05, gA00: 1.2879232272491017,
  gA10: -0.36225664248115746, gA11: 1.8327096237406568, gV00: 1.023897191213927, gV10: -0.03421178516672873,
  gV11: 1.0488427111324803}
