{E0: 0.49329489027814016, E1: -1.0071302135239049, G1_G1_C0ps: 4.071532603312508e-08,
  G1_G1_C0ss: 3.688618975499883e-10, G1_G1_C1ps: 2.056745740374328e-09, G1_G1_C1ss: -1.163350884895987e-11,
  G1_G1_D0ps: -1.9638928538969485e-07, G1_G1_D0ss: 1.2230877656771006e-10, G1_G1_D1ps: -2.2595931432614654e-08,
  G1_G1_D1ss: -9.198200247373604e-11, G1_Z0p: 0.002306873678307615, G1_Z0s: 2.173281195116252e-05,
  G1_Z1p: 0.0019300024429359582, G1_Z1s: 1.2381249280830855e-05, gA00: 1.2773434319001034,
  gA10: 0.0023186829633114743, gA11: 1.7713286852229202, gV00: 1.0241946663451436,
  gV10: -0.0710851872686037, gV11: 1.066658642030576}
