{E0: 0.6824918855028079, E1: 0.12209869368574244, G1_G1_C0ps: 1.9869197830750583e-05,
  G1_G1_C0ss: -5.561193368804925e-06, G1_G1_C1ps: 1.7083915638321104e-06, G1_G1_C1ss: -1.1395505801210836e-08,
  G1_G1_D0ps: -0.0001398636978319748, G1_G1_D0ss: 0.0002849208308522704, G1_G1_D1ps: 1.7029509473565228e-06,
  G1_G1_D1ss: 1.5442724293656977e-07, G1_Z0p: 0.005907614281973132, G1_Z0s: 0.00024811133274183704,
  G1_Z1p: -2.296972221892917, G1_Z1s: 1.5714726180815488e-09, gA00: 1.269514225757486,
  gA10: -0.180226258852764, gA11: -12899.99522396536, gV00: 1.018929962015209, gV10: -0.029998734170536733,
  gV11: -1630.2429980227569}
