{E0: 0.6843379895295965, E1: -0.5727906747503239, G1_G1_C0ps: 1.0053250755041747e-06,
  G1_G1_C0ss: 4.968881558604964e-08, G1_G1_C1ps: -5.087085942421682e-09, G1_G1_C1ss: 3.775026645614405e-10,
  G1_G1_D0ps: -1.5168788424447905e-06, G1_G1_D0ss: -2.0848603411027144e-08, G1_G1_D1ps: 4.937783681850985e-07,
  G1_G1_D1ss: -2.3232857820412413e-08, G1_Z0p: 0.005939875111931364, G1_Z0s: 0.0002490071643298873,
  G1_Z1p: 0.006848341844999947, G1_Z1s: 0.00022607943520350704, gA00: 1.29670483884582,
  gA10: 0.02619851003726861, gA11: 1.9558069000915765, gV00: 1.021198908413262, gV10: -0.05418820060132458,
  gV11: 1.1784575655068492}
