{E0: 0.49286449963825213, E1: -0.9666802185627885, G1_G1_C0ps: 2.6518308674383027e-08,
  G1_G1_C0ss: 3.481320279981785e-10, G1_G1_C1ps: -6.5934587806012206e-09, G1_G1_C1ss: -2.159669695133332e-11,
  G1_G1_D0ps: -7.453802849503138e-08, G1_G1_D0ss: -6.353284507905486e-10, G1_G1_D1ps: 1.0101076058157344e-09,
  G1_G1_D1ss: -5.591177415215474e-10, G1_Z0p: 0.002299188084406676, G1_Z0s: 2.169759388582283e-05,
  G1_Z1p: 0.0022292656092572803, G1_Z1s: 1.2853057735336715e-05, gA00: 1.273083479047123,
  gA10: -0.07381966556755602, gA11: 1.6750942204870047, gV00: 1.024163189368149, gV10: -0.0756592325261863,
  gV11: 1.0665993256364588}
