{E0: 0.4465223195440737, E1: -0.6967770883446397, G1_G1_C0ps: 1.9095254507377664e-08,
  G1_G1_C0ss: 1.0412474519323864e-10, G1_G1_C1ps: 4.2241557353445625e-10, G1_G1_C1ss: -5.5893749461274995e-12,
  G1_G1_D0ps: -4.0900780125120596e-08, G1_G1_D0ss: -1.114640350230232e-10, G1_G1_D1ps: 5.089452587370785e-09,
  G1_G1_D1ss: -1.199736423203638e-10, G1_Z0p: 0.0020036001851700394, G1_Z0s: 1.1715666087264608e-05,
  G1_Z1p: 0.004995494510360944, G1_Z1s: 1.0064595784286359e-05, gA00: 1.2777102413433756,
  gA10: 0.0871293548248224, gA11: 1.3717463945865012, gV00: 1.0232606333836913, gV10: -0.08623483268541363,
  gV11: 1.0484834268017134}
