{E0: 0.7188935054531408, E1: -0.5837670527356216, G1_G1_C0ps: 9.858107753382876e-07,
  G1_G1_C0ss: 5.064226808190067e-08, G1_G1_C1ps: 5.247879024354632e-08, G1_G1_C1ss: -7.029166297966595e-09,
  G1_G1_D0ps: -1.170114904819171e-06, G1_G1_D0ss: -2.722965828985493e-08, G1_G1_D1ps: 6.291692901200422e-07,
  G1_G1_D1ss: -3.031941509891148e-08, G1_Z0p: 0.0063901630264793586, G1_Z0s: 0.00025923858105751137,
  G1_Z1p: 0.005715874486932598, G1_Z1s: 7.836007525105822e-05, gA00: 1.2701264447561005,
  gA10: -0.02198054314300833, gA11: 2.7332999723240117, gV00: 1.016011022054054, gV10: 0.015590137235350257,
  gV11: 1.1849293666449094}
