{E0: 0.7173962352869071, E1: -0.4509779101768737, G1_G1_C0ps: 9.96260458095148e-07,
  G1_G1_C0ss: 5.01405892735655e-08, G1_G1_C1ps: 1.0215828205280127e-08, G1_G1_C1ss: -1.4226177623435013e-08,
  G1_G1_D0ps: -1.026326647532328e-06, G1_G1_D0ss: -2.9643854527666755e-08, G1_G1_D1ps: 7.192017417862151e-08,
  G1_G1_D1ss: -3.6038231277406485e-08, G1_Z0p: 0.006357018332435952, G1_Z0s: 0.0002578134748713067,
  G1_Z1p: 0.02340779000194658, G1_Z1s: 2.562982792954689e-05, gA00: 1.259080062340614,
  gA10: -0.023734672344025102, gA11: 2.3908198552095463, gV00: 1.015816705473644,
  gV10: 0.004179233269901902, gV11: 1.17556998603299}
