{E0: 0.5806700289015727, E1: -0.13710580021519275, G1_G1_C0ps: 6.103902822550071e-08,
  G1_G1_C0ss: 2.2777312867284526e-10, G1_G1_C1ps: -6.186332694767932e-08, G1_G1_C1ss: 2.289154462241265e-10,
  G1_G1_D0ps: 1.8903888393510505e-07, G1_G1_D0ss: -5.3763180999512634e-11, G1_G1_D1ps: 8.253694876051444e-08,
  G1_G1_D1ss: -3.5093840369076966e-10, G1_Z0p: 0.005631769569746854, G1_Z0s: 2.4267202551247293e-05,
  G1_Z1p: -0.00036153609097959433, G1_Z1s: 3.3590330271075105e-05, gA00: 1.2964679073198453,
  gA10: 0.19457850433912155, gA11: 0.9104008335252615, gV00: 1.02371038215641, gV10: 0.04374090054991004,
  gV11: 1.1138653558609937}
