{E0: 0.5795370087294502, E1: -0.21716200223790225, E2: -1.502229074077958, E3: -1.548526248978949,
  G1_G1_C0ps: 5.192689933663975e-08, G1_G1_C0ss: 5.696595595533262e-11, G1_G1_C1ps: -1.6817244078459566e-08,
  G1_G1_C1ss: 4.4109481382843106e-11, G1_G1_D0ps: -6.194112081962039e-08, G1_G1_D0ss: 5.618560458886335e-10,
  G1_G1_D1ps: 4.913587295431826e-08, G1_G1_D1ss: -1.3926849447336636e-10, G1_Z0p: 0.005609770527778899,
  G1_Z0s: 2.415477135586072e-05, G1_Z1p: -0.000216604169020131, G1_Z1s: 2.901892600974959e-05,
  G1_Z2p: 0.016753109486854, G1_Z2s: -5.286921155050544e-06, G1_Z3p: 0.01175876948810535,
  G1_Z3s: 1.3031479032484155e-05, gA00: 1.2880890932791909, gA10: 0.017552275066638198,
  gA11: 0.9230110543953703, gV00: 1.029859032836906, gV10: 0.04950298393992683, gV11: 1.2585743557296059}
