{E0: 0.708427077858293, E1: -0.5644907722836771, G1_G1_C0ps: 1.028282422628383e-06,
  G1_G1_C0ss: 4.7416242454930104e-08, G1_G1_C1ps: -1.3781964302527478e-08, G1_G1_C1ss: 1.091632404442904e-09,
  G1_G1_D0ps: -1.5266635998463614e-06, G1_G1_D0ss: -1.839235263343889e-08, G1_G1_D1ps: 2.566394209728639e-07,
  G1_G1_D1ss: -4.904220455871215e-09, G1_Z0p: 0.005934860366227483, G1_Z0s: 0.0002449256509568662,
  G1_Z1p: -0.007916535501432632, G1_Z1s: -0.0003768085611466754, gA00: 1.261470475098756,
  gA10: -0.08560998998428662, gA11: 1.4005950314962277, gV00: 1.0145425700899091,
  gV10: 0.14800908112123423, gV11: 0.9277113588821154}
