{E0: 0.6821550514643552, E1: -0.8053264889895263, G1_G1_C0ps: 1.0539572088184434e-06,
  G1_G1_C0ss: 1.774323162017484e-07, G1_G1_C1ps: -1.0538768252773807e-07, G1_G1_C1ss: 3.539531425827855e-08,
  G1_G1_D0ps: -1.2531156908248556e-06, G1_G1_D0ss: -3.7723392849917054e-08, G1_G1_D1ps: 6.013102158151973e-07,
  G1_G1_D1ss: -2.8940021973723447e-08, G1_Z0p: 0.0058963652091997745, G1_Z0s: 0.0002470837047501889,
  G1_Z1p: 0.004396074798817341, G1_Z1s: 0.00014642102182664077, gA00: 1.283128528712703,
  gA10: -0.047658532328726085, gA11: 2.0448063288357665, gV00: 1.0175172521182099,
  gV10: -0.14843688018177878, gV11: 0.8489625638706345}
