{E0: 0.5812320336859551, E1: -0.1807528108216665, G1_G1_C0ps: 3.650032319664149e-07,
  G1_G1_C0ss: 2.4386466193425676e-10, G1_G1_C1ps: -1.0407729301729215e-07, G1_G1_C1ss: 4.728622605729096e-10,
  G1_G1_D0ps: 1.6901749750046334e-07, G1_G1_D0ss: 3.9808116732168684e-11, G1_G1_D1ps: 7.419368305584348e-08,
  G1_G1_D1ss: -1.6838534082778226e-10, G1_Z0p: 0.005641903851131219, G1_Z0s: 2.4299598393181335e-05,
  G1_Z1p: -0.0005450470967706195, G1_Z1s: 3.0926630825464864e-05, gA00: 1.297976179554044,
  gA10: 0.20160353691974814, gA11: 0.8935540034866495, gV00: 1.0152098770921019, gV10: 0.12486628384385766,
  gV11: 1.08438016212076}
