{E0: 0.8199851282288902, E1: -1.0390307200153224, E2: -1.9406679872127968, E3: -2.4578074303514086,
  E4: -1.1205521885215088, E5: -1.590675056582414, E6: -1.5906750565831047, G1_G1_D0ps: -7.624133587524624e-07,
  G1_G1_D0ss: -2.3185745448612847e-08, G1_G1_D1ps: 1.8931400304654412e-07, G1_G1_D1ss: 1.8279181332148465e-08,
  G1_G1_D2ps: 1.4154321591688704e-07, G1_G1_D2ss: 1.4040067497455623e-08, G1_G1_D3ps: 1.212716416469395e-07,
  G1_G1_D3ss: 1.136747643397478e-08, G1_G1_D4ps: 7.911995801010622e-08, G1_G1_D4ss: 4.12537491892132e-09,
  G1_Z0p: 0.011241541173831297, G1_Z0s: 0.000407814887045618, G1_Z1p: 0.0030093963060884824,
  G1_Z1s: 5.3889351751149175e-05, G1_Z2p: -1.6445587643670443e-07, G1_Z2s: 1.8452377827030351e-09,
  G1_Z3p: -0.005233105752923751, G1_Z3s: 6.744659308676806e-05, G1_Z4p: -0.0022220022620514607,
  G1_Z4s: 0.0002878445565104761, G1_Z5p: 8.473184591879447e-09, G1_Z5s: 5.933099489131419e-10,
  G1_Z6p: 0.009795432424000309, G1_Z6s: 0.0004927312570176284, gA00: 1.2577538450579602,
  gA10: -0.7355176113485579, gA11: 0.04248720318006025, gA20: -1.0930648287131795e-05,
  gA21: 1.1455365874852062e-06, gA22: -1.1643680469359757e-12, gA30: -0.18957131861441653,
  gA31: 0.05895229476300779, gA32: 7.21647742427001e-07, gA33: 0.023663614479773647,
  gA40: 0.7156273246760252, gA41: 0.3413376027309982, gA42: 8.282222519058199e-06,
  gA43: 0.3056924385486966, gA44: 0.5312181139763302}
