ZAll: 0.9661290590123816
ZAls: 0.9765334060954477
corr:
- [1.0, 0.5258670347709123, 0.2783988558713945, 0.08648838678828462, 0.02139016056000127,
  0.3360846785987205, 0.1458277447056229]
- [0.5258670347709123, 0.9999999999999998, -0.16035149493094697, 0.07216985254740675,
  0.17883550570252818, 0.005682030021458861, 0.07929934107729139]
- [0.2783988558713945, -0.16035149493094697, 0.9999999999999999, 0.5736387675729682,
  -0.046248513116226964, 0.43063507466612994, 0.08459860983598558]
- [0.08648838678828462, 0.07216985254740675, 0.5736387675729682, 1.0000000000000002,
  0.033579233596392935, 0.0678460920510789, 0.11958201735373973]
- [0.02139016056000127, 0.17883550570252818, -0.046248513116226964, 0.033579233596392935,
  1.0000000000000002, 0.039744739591156715, 0.05153449469259046]
- [0.3360846785987205, 0.005682030021458861, 0.43063507466612994, 0.0678460920510789,
  0.039744739591156715, 0.9999999999999998, 0.390882238332639]
- [0.1458277447056229, 0.07929934107729139, 0.08459860983598558, 0.11958201735373973,
  0.05153449469259046, 0.390882238332639, 1.0]
cov:
- [1.7289858275041924e-06, 6.882069015899726e-07, 2.1502435098321592e-07, 4.4960270780615374e-08,
  2.679385668527651e-07, 9.569958331725194e-07, 1.3643121862106365e-07]
- [6.882069015899726e-07, 9.905917803315623e-07, -9.374429683076173e-08, 2.8397400263156115e-08,
  1.695612369217629e-06, 1.2246627260824858e-08, 5.6155826168833116e-08]
- [2.1502435098321592e-07, -9.374429683076173e-08, 3.450237295120306e-07, 1.3321047646104656e-07,
  -2.58790140488348e-07, 5.477715826419187e-07, 3.535620078788906e-08]
- [4.4960270780615374e-08, 2.8397400263156115e-08, 1.3321047646104656e-07, 1.5629706034842136e-07,
  1.2646538005517384e-07, 5.808524934198588e-08, 3.3637147761419955e-08]
- [2.679385668527651e-07, 1.695612369217629e-06, -2.58790140488348e-07, 1.2646538005517384e-07,
  9.075089938324473e-05, 8.199186036702625e-07, 3.493022421019807e-07]
- [9.569958331725194e-07, 1.2246627260824858e-08, 5.477715826419187e-07, 5.808524934198588e-08,
  8.199186036702625e-07, 4.689550658034953e-06, 6.022675092055227e-07]
- [1.3643121862106365e-07, 5.6155826168833116e-08, 3.535620078788906e-08, 3.3637147761419955e-08,
  3.493022421019807e-07, 6.022675092055227e-07, 5.062391924663047e-07]
fka: 0.0822733096825915
fpi: 0.07372862657041176
key: [mpi, mka, fpi, fka, mN, ZAll, ZAls]
mN: 0.8244144027044581
mka: 0.4049667815070947
mpi: 0.23515279913803408
