ZAll: 0.9524109294370163
ZAls: 0.9611968475647032
corr:
- [0.9999999999999999, 0.5199421305917458, 0.29966875683356825, 0.12824647556307864,
  -0.004534807443719595, 0.32756316542533875, 0.14868101053532515]
- [0.5199421305917458, 1.0, -0.11661489584791988, 0.15945136964144785, 0.16033585469710218,
  0.005371149445902942, 0.11204563868346101]
- [0.29966875683356825, -0.11661489584791988, 0.9999999999999999, 0.5930702497409581,
  -0.05636630418445378, 0.39793040120807505, 0.20995644166584496]
- [0.12824647556307864, 0.15945136964144785, 0.5930702497409581, 1.0, 0.025473512907169607,
  0.06935339382506928, 0.28192275909242914]
- [-0.004534807443719595, 0.16033585469710218, -0.05636630418445378, 0.025473512907169607,
  0.9999999999999998, 0.01949774753548916, 0.01573919067199189]
- [0.32756316542533875, 0.005371149445902942, 0.39793040120807505, 0.06935339382506928,
  0.01949774753548916, 0.9999999999999999, 0.45828872651956687]
- [0.14868101053532515, 0.11204563868346101, 0.20995644166584496, 0.28192275909242914,
  0.01573919067199189, 0.45828872651956687, 1.0]
cov:
- [1.7080856721506454e-06, 6.607453287885775e-07, 2.3635618200183902e-07, 7.429123591933662e-08,
  -7.171891423038607e-08, 9.867196476656887e-07, 1.4291312564939942e-07]
- [6.607453287885775e-07, 9.454717007748103e-07, -6.843038301478173e-08, 6.872105861782555e-08,
  1.8865787951927124e-06, 1.2037474920645659e-08, 8.012739291124963e-08]
- [2.3635618200183902e-07, -6.843038301478173e-08, 3.642011810281404e-07, 1.586405232511871e-07,
  -4.1163307679890033e-07, 5.535051760786438e-07, 9.318835970130447e-08]
- [7.429123591933662e-08, 6.872105861782555e-08, 1.586405232511871e-07, 1.9646022608696125e-07,
  1.3663003835997482e-07, 7.08514805349307e-08, 9.190290629425955e-08]
- [-7.171891423038607e-08, 1.8865787951927124e-06, -4.1163307679890033e-07, 1.3663003835997482e-07,
  0.00014643337114494354, 5.438114718004792e-07, 1.400761561550274e-07]
- [9.867196476656887e-07, 1.2037474920645659e-08, 5.535051760786438e-07, 7.08514805349307e-08,
  5.438114718004792e-07, 5.312363495071089e-06, 7.76863746096673e-07]
- [1.4291312564939942e-07, 8.012739291124963e-08, 9.318835970130447e-08, 9.190290629425955e-08,
  1.400761561550274e-07, 7.76863746096673e-07, 5.409082151622842e-07]
fka: 0.08309329011921085
fpi: 0.07468168827303653
key: [mpi, mka, fpi, fka, mN, ZAll, ZAls]
mN: 0.8286871276329946
mka: 0.40379929221423466
mpi: 0.23430276181696344
