ZAll: 0.9024429514065676
ZAls: 0.9075656752227172
corr:
- [0.9999999999999999, 0.643068251666161, 0.14509929388518203, 0.22545886006179663,
  0.034319500406322125, 0.06132010207643861, 0.062479108257790426]
- [0.643068251666161, 0.9999999999999998, -0.008985764808474737, 0.3022053242966736,
  0.05573235523345554, 0.0932178307102374, 0.13914570370716833]
- [0.14509929388518203, -0.008985764808474737, 0.9999999999999999, 0.731958210855017,
  -0.012539461691918158, 0.12263084656580678, 0.120719743599315]
- [0.22545886006179663, 0.3022053242966736, 0.731958210855017, 0.9999999999999999,
  -0.01901006128611907, 0.06449090260285643, 0.16734696614728492]
- [0.034319500406322125, 0.05573235523345554, -0.012539461691918158, -0.01901006128611907,
  1.0000000000000002, -0.04148664570876177, -0.0253357988420093]
- [0.06132010207643861, 0.0932178307102374, 0.12263084656580678, 0.06449090260285643,
  -0.04148664570876177, 1.0, 0.6948332099490054]
- [0.062479108257790426, 0.13914570370716833, 0.120719743599315, 0.16734696614728492,
  -0.0253357988420093, 0.6948332099490054, 1.0000000000000002]
cov:
- [1.4943539531857602e-06, 8.43211029663439e-07, 1.1187771723762916e-07, 1.7117334916783957e-07,
  6.19701248615699e-07, 1.5915796491224596e-07, 4.640983821147681e-08]
- [8.43211029663439e-07, 1.1505485322126958e-06, -6.079377021873887e-09, 2.0132452624019955e-07,
  8.830281397815765e-07, 2.1230011692492426e-07, 9.069237320721363e-08]
- [1.1187771723762916e-07, -6.079377021873887e-09, 3.97835119102096e-07, 2.8673449885532914e-07,
  -1.1682751194445197e-07, 1.6422907819366087e-07, 4.626774752356569e-08]
- [1.7117334916783957e-07, 2.0132452624019955e-07, 2.8673449885532914e-07, 3.857307003369784e-07,
  -1.7439751627278962e-07, 8.504314802520796e-08, 6.315510185990534e-08]
- [6.19701248615699e-07, 8.830281397815765e-07, -1.1682751194445197e-07, -1.7439751627278962e-07,
  0.0002181872413444688, -1.3011332283446265e-06, -2.2740382822228564e-07]
- [1.5915796491224596e-07, 2.1230011692492426e-07, 1.6422907819366087e-07, 8.504314802520796e-08,
  -1.3011332283446265e-06, 4.5081415061211415e-06, 8.964536319890301e-07]
- [4.640983821147681e-08, 9.069237320721363e-08, 4.626774752356569e-08, 6.315510185990534e-08,
  -2.2740382822228564e-07, 8.964536319890301e-07, 3.692300059652112e-07]
fka: 0.08499672979165308
fpi: 0.07656748966218617
key: [mpi, mka, fpi, fka, mN, ZAll, ZAls]
mN: 0.8336015889831615
mka: 0.4015511489434886
mpi: 0.23173750612955718
