ZAll: 0.9587317848351451
ZAls: 0.975285089022142
corr:
- [1.0, 0.5293301908545279, -0.16904329194351628, 0.08630420137191665, 0.11463459057085668,
  0.04097542698825756, 0.025833801572701955]
- [0.5293301908545279, 1.0, -0.0841061775920089, 0.13782136482726862, 0.1297975643383799,
  -0.09618220157563087, 0.03367798710088509]
- [-0.16904329194351628, -0.0841061775920089, 1.0, 0.6314968832021322, -0.029705570233996868,
  0.031319426617938864, -0.03555787007670269]
- [0.08630420137191665, 0.13782136482726862, 0.6314968832021322, 1.0, -0.14923624412473258,
  -0.024578590466400214, 0.008756973988637552]
- [0.11463459057085668, 0.1297975643383799, -0.029705570233996868, -0.14923624412473258,
  1.0000000000000002, -0.08484853115070022, -0.11311642928702541]
- [0.04097542698825756, -0.09618220157563087, 0.031319426617938864, -0.024578590466400214,
  -0.08484853115070022, 1.0000000000000002, 0.3775281416318015]
- [0.025833801572701955, 0.03367798710088509, -0.03555787007670269, 0.008756973988637552,
  -0.11311642928702541, 0.3775281416318015, 1.0]
cov:
- [5.399830817891303e-07, 3.038477753468006e-07, -6.293368403963471e-08, 2.516896918142453e-08,
  1.0776598614592766e-06, 4.107929139739635e-08, 6.4210770891533045e-09]
- [3.038477753468006e-07, 6.102090418548788e-07, -3.328605699063137e-08, 4.27266929754279e-08,
  1.2971249377750641e-06, -1.0250461341977799e-07, 8.898461656991253e-09]
- [-6.293368403963471e-08, -3.328605699063137e-08, 2.566789621135147e-07, 1.2697252699798815e-07,
  -1.9253468444809553e-07, 2.164802690353348e-08, -6.09340948008811e-09]
- [2.516896918142453e-08, 4.27266929754279e-08, 1.2697252699798815e-07, 1.5750227404534757e-07,
  -7.576936916171869e-07, -1.3307907292157153e-08, 1.1755117157257516e-09]
- [1.0776598614592766e-06, 1.2971249377750641e-06, -1.9253468444809553e-07, -7.576936916171869e-07,
  0.00016366352216975812, -1.4809133706491661e-06, -4.894756840096986e-07]
- [4.107929139739635e-08, -1.0250461341977799e-07, 2.164802690353348e-08, -1.3307907292157153e-08,
  -1.4809133706491661e-06, 1.8613102040742058e-06, 1.7421606384476467e-07]
- [6.4210770891533045e-09, 8.898461656991253e-09, -6.09340948008811e-09, 1.1755117157257516e-09,
  -4.894756840096986e-07, 1.7421606384476467e-07, 1.1440868022104182e-07]
fka: 0.0814974085957428
fpi: 0.07106678260512317
key: [mpi, mka, fpi, fka, mN, ZAll, ZAls]
mN: 0.7615165876093376
mka: 0.3864020010959961
mpi: 0.16636048812930762
