ZAll: 0.9224774103800972
ZAls: 0.9380618919432866
corr:
- [1.0, 0.5469079106051273, -0.18283995404846864, 0.059228572688783294, -0.010138649339093343,
  -0.13900472864653574, -0.0020180406771403083]
- [0.5469079106051273, 1.0, -0.13182512583349093, 0.11481658507236833, 0.08251400282201574,
  -0.11159312270809478, 0.01793330736316253]
- [-0.18283995404846864, -0.13182512583349093, 1.0000000000000002, 0.6239336935612724,
  0.07650627004642481, -0.0031707885064447498, -0.03653645760301711]
- [0.059228572688783294, 0.11481658507236833, 0.6239336935612724, 1.0000000000000002,
  -0.18517242059892478, -0.13861938836547963, 0.08799250273909984]
- [-0.010138649339093343, 0.08251400282201574, 0.07650627004642481, -0.18517242059892478,
  0.9999999999999999, -0.011260580378157659, 0.09668153713878895]
- [-0.13900472864653574, -0.11159312270809478, -0.0031707885064447498, -0.13861938836547963,
  -0.011260580378157659, 1.0, 0.46139688525159395]
- [-0.0020180406771403083, 0.01793330736316253, -0.03653645760301711, 0.08799250273909984,
  0.09668153713878895, 0.46139688525159395, 1.0]
cov:
- [3.920952248479625e-07, 2.672753544007324e-07, -6.431877030216373e-08, 1.7891955877007995e-08,
  -6.977196422914892e-08, -1.3217149769434605e-07, -4.964893296150962e-10]
- [2.672753544007324e-07, 6.091129944755135e-07, -5.779868788211801e-08, 4.3229910153359353e-08,
  7.077529010181228e-07, -1.3225095694653344e-07, 5.499124484178465e-09]
- [-6.431877030216373e-08, -5.779868788211801e-08, 3.1560342313920025e-07, 1.6909862117119147e-07,
  4.7235982374269635e-07, -2.7048961024669798e-09, -8.064575593714003e-09]
- [1.7891955877007995e-08, 4.3229910153359353e-08, 1.6909862117119147e-07, 2.3273491957502142e-07,
  -9.817754067422647e-07, -1.0154702709253167e-07, 1.6678641425685276e-08]
- [-6.977196422914892e-08, 7.077529010181228e-07, 4.7235982374269635e-07, -9.817754067422647e-07,
  0.0001207842037235873, -1.8792229408352689e-07, 4.1747727837193447e-07]
- [-1.3217149769434605e-07, -1.3225095694653344e-07, -2.7048961024669798e-09, -1.0154702709253167e-07,
  -1.8792229408352689e-07, 2.305817445110784e-06, 2.7527789923940795e-07]
- [-4.964893296150962e-10, 5.499124484178465e-09, -8.064575593714003e-09, 1.6678641425685276e-08,
  4.1747727837193447e-07, 2.7527789923940795e-07, 1.543719724458992e-07]
fka: 0.08414021431534349
fpi: 0.07345495029703163
key: [mpi, mka, fpi, fka, mN, ZAll, ZAls]
mN: 0.7966802635859287
mka: 0.3852765791778203
mpi: 0.16744036986556296
