ZAll: 0.8927014909157214
ZAls: 0.9056945274113957
corr:
- [1.0000000000000002, 0.5013630599087392, -0.14188010563308462, 0.07462331145758565,
  -0.05216614910211291, -0.17384859576289244, -0.08654245194052046]
- [0.5013630599087392, 1.0, -0.18035315185012055, 0.012380870405082909, 0.06671587608837869,
  -0.04285007312302447, -0.01125991278809308]
- [-0.14188010563308462, -0.18035315185012055, 0.9999999999999999, 0.6593029996412599,
  0.047374663545064095, -0.025334238783748825, -0.01403926384250155]
- [0.07462331145758565, 0.012380870405082909, 0.6593029996412599, 0.9999999999999998,
  -0.13759839253923237, -0.13397179897381734, 0.11137555001726503]
- [-0.05216614910211291, 0.06671587608837869, 0.047374663545064095, -0.13759839253923237,
  1.0000000000000002, -0.028025608670927987, -0.0038957549365730227]
- [-0.17384859576289244, -0.04285007312302447, -0.025334238783748825, -0.13397179897381734,
  -0.028025608670927987, 1.0, 0.4524096360932894]
- [-0.08654245194052046, -0.01125991278809308, -0.01403926384250155, 0.11137555001726503,
  -0.0038957549365730227, 0.4524096360932894, 0.9999999999999999]
cov:
- [3.7405840731410247e-07, 2.2777228873699002e-07, -5.4264923886355124e-08, 2.460187338521408e-08,
  -3.880781234379025e-07, -1.8338577482245237e-07, -2.47885835664798e-08]
- [2.2777228873699002e-07, 5.517694951307298e-07, -8.377811115502655e-08, 4.9574001165633615e-09,
  6.02793706994076e-07, -5.489782746673681e-08, -3.917118193506913e-09]
- [-5.4264923886355124e-08, -8.377811115502655e-08, 3.910713222244533e-07, 2.2224755309622825e-07,
  3.60358521618252e-07, -2.7325026497151655e-08, -4.11173509377508e-09]
- [2.460187338521408e-08, 4.9574001165633615e-09, 2.2224755309622825e-07, 2.905680797183054e-07,
  -9.021899502802505e-07, -1.2455526442183201e-07, 2.8116847106904565e-08]
- [-3.880781234379025e-07, 6.02793706994076e-07, 3.60358521618252e-07, -9.021899502802505e-07,
  0.00014795217231760877, -5.879501071929233e-07, -2.2192442770974768e-08]
- [-1.8338577482245237e-07, -5.489782746673681e-08, -2.7325026497151655e-08, -1.2455526442183201e-07,
  -5.879501071929233e-07, 2.9747432968309546e-06, 3.654343770567108e-07]
- [-2.47885835664798e-08, -3.917118193506913e-09, -4.11173509377508e-09, 2.8116847106904565e-08,
  -2.2192442770974768e-08, 3.654343770567108e-07, 2.1933382468107221e-07]
fka: 0.0859666066327533
fpi: 0.07471663930250651
key: [mpi, mka, fpi, fka, mN, ZAll, ZAls]
mN: 0.8054359700566922
mka: 0.3848713882789528
mpi: 0.16704088261360975
