ZAll: 0.8967895068923387
ZAls: 0.9018235100012982
corr:
- [0.9999999999999998, 0.600145384041377, 0.011238381497741342, 0.05910882303645691,
  0.004095217277114732, -0.031696941955510476, -0.0319844772654491]
- [0.600145384041377, 0.9999999999999999, -0.11255055202711933, 0.05173053187180339,
  0.050833055394329814, 0.04618967215991287, 0.06174210499073281]
- [0.011238381497741342, -0.11255055202711933, 1.0, 0.8203484731675591, -0.006104636187497651,
  0.11390846381913505, -0.01843356629362275]
- [0.05910882303645691, 0.05173053187180339, 0.8203484731675591, 1.0, 0.016785441960251363,
  0.025692710522311462, -0.026535977934097843]
- [0.004095217277114732, 0.050833055394329814, -0.006104636187497651, 0.016785441960251363,
  1.0, 0.040095406292018895, -0.010563280460651525]
- [-0.031696941955510476, 0.04618967215991287, 0.11390846381913505, 0.025692710522311462,
  0.040095406292018895, 1.0, 0.4883022653609773]
- [-0.0319844772654491, 0.06174210499073281, -0.01843356629362275, -0.026535977934097843,
  -0.010563280460651525, 0.4883022653609773, 1.0]
cov:
- [2.7209831296032194e-07, 1.7852419716369017e-07, 3.3722990444738625e-09, 1.6978394606949738e-08,
  6.087594715656618e-08, -2.712226925795285e-08, -8.999428053734755e-09]
- [1.7852419716369017e-07, 3.25203632548992e-07, -3.6921956629622047e-08, 1.624448787890558e-08,
  8.260945679973441e-07, 4.320841224374323e-08, 1.8992050370671572e-08]
- [3.3722990444738625e-09, -3.6921956629622047e-08, 3.309167639796187e-07, 2.598598271249247e-07,
  -1.0007486875361961e-07, 1.0748827996975587e-07, -5.719808344978623e-09]
- [1.6978394606949738e-08, 1.624448787890558e-08, 2.598598271249247e-07, 3.0322344209875137e-07,
  2.6340258056849075e-07, 2.3207964126638966e-08, -7.881868984593301e-09]
- [6.087594715656618e-08, 8.260945679973441e-07, -1.0007486875361961e-07, 2.6340258056849075e-07,
  0.0008121041243381973, 1.8743306656480702e-06, -1.62374339036345e-07]
- [-2.712226925795285e-08, 4.320841224374323e-08, 1.0748827996975587e-07, 2.3207964126638966e-08,
  1.8743306656480702e-06, 2.6908622625122928e-06, 4.320631231733981e-07]
- [-8.999428053734755e-09, 1.8992050370671572e-08, -5.719808344978623e-09, -7.881868984593301e-09,
  -1.62374339036345e-07, 4.320631231733981e-07, 2.909547522187287e-07]
fka: 0.07028173557609427
fpi: 0.06222797897048825
key: [mpi, mka, fpi, fka, mN, ZAll, ZAls]
mN: 0.6770099884393869
mka: 0.32363197564295426
mpi: 0.18858090072350905
