ZAll: 0.9171287078252862
ZAls: 0.9228644986660454
corr:
- [1.0, 0.6141874199963958, -0.06260715441476994, 0.07217816145263342, 0.02983911540660563,
  -0.08100114749414473, -0.0305869193118808]
- [0.6141874199963958, 1.0000000000000002, -0.17406523911414112, 0.05656435708096464,
  0.03446116265220931, -0.004248365642150257, 0.07588945855245388]
- [-0.06260715441476994, -0.17406523911414112, 1.0000000000000002, 0.7920460509812818,
  0.00029578030722830474, 0.009045304133176444, -0.060823195860126605]
- [0.07217816145263342, 0.05656435708096464, 0.7920460509812818, 1.0000000000000002,
  0.013838071328335722, 0.004411582578661773, -0.02843121320531609]
- [0.02983911540660563, 0.03446116265220931, 0.00029578030722830474, 0.013838071328335722,
  1.0, 0.004648724227577072, 0.020695546999154855]
- [-0.08100114749414473, -0.004248365642150257, 0.009045304133176444, 0.004411582578661773,
  0.004648724227577072, 1.0, 0.4470921620831281]
- [-0.0305869193118808, 0.07588945855245388, -0.060823195860126605, -0.02843121320531609,
  0.020695546999154855, 0.4470921620831281, 1.0]
cov:
- [2.287142653439894e-07, 1.7539448182472897e-07, -1.3303416429968168e-08, 1.3892950938629722e-08,
  3.7630144022039685e-07, -4.747032575344289e-08, -7.947563957154937e-09]
- [1.7539448182472897e-07, 3.5656340180109953e-07, -4.618203089984214e-08, 1.359418881013982e-08,
  5.42627272422603e-07, -3.108670444659712e-09, 2.4620762795821967e-08]
- [-1.3303416429968168e-08, -4.618203089984214e-08, 1.9741729116822254e-07, 1.416397290549534e-07,
  3.4654940673470903e-09, 4.924931361805683e-09, -1.4682956004643273e-08]
- [1.3892950938629722e-08, 1.359418881013982e-08, 1.416397290549534e-07, 1.6198847622403943e-07,
  1.4686588771124742e-07, 2.1758095927544905e-09, -6.217118134792202e-09]
- [3.7630144022039685e-07, 5.42627272422603e-07, 3.4654940673470903e-09, 1.4686588771124742e-07,
  0.0006953550602981452, 1.5021783810685672e-07, 2.965049082061852e-07]
- [-4.747032575344289e-08, -3.108670444659712e-09, 4.924931361805683e-09, 2.1758095927544905e-09,
  1.5021783810685672e-07, 1.5016503722631047e-06, 2.976686774767946e-07]
- [-7.947563957154937e-09, 2.4620762795821967e-08, -1.4682956004643273e-08, -6.217118134792202e-09,
  2.965049082061852e-07, 2.976686774767946e-07, 2.9519115139994167e-07]
fka: 0.06906453132902857
fpi: 0.06196361484109021
key: [mpi, mka, fpi, fka, mN, ZAll, ZAls]
mN: 0.6582338866362581
mka: 0.3235025327067545
mpi: 0.18830549967500818
