ZAll: 0.9632391255432624
ZAls: 0.9703316587585026
corr:
- [1.0000000000000002, 0.4163560606978102, 0.2172196099295828, 0.038234183294941104,
  -0.020593127631024433, 0.4101549673301834, 0.01344949668476494]
- [0.4163560606978102, 1.0, -0.19638832133860654, 0.047785725875661995, -0.0036956063480850098,
  -0.02696044320799343, 0.036272169909598924]
- [0.2172196099295828, -0.19638832133860654, 0.9999999999999998, 0.6316831912507231,
  -0.0016539015234153574, 0.3796173441012433, -0.0006826199380636287]
- [0.038234183294941104, 0.047785725875661995, 0.6316831912507231, 1.0000000000000002,
  -0.00912453031019764, 0.09189401388229582, 0.1104599555192878]
- [-0.020593127631024433, -0.0036956063480850098, -0.0016539015234153574, -0.00912453031019764,
  0.9999999999999999, -0.012753689432138659, -0.0207225955281226]
- [0.4101549673301834, -0.02696044320799343, 0.3796173441012433, 0.09189401388229582,
  -0.012753689432138659, 0.9999999999999999, 0.2143195328487406]
- [0.01344949668476494, 0.036272169909598924, -0.0006826199380636287, 0.1104599555192878,
  -0.0207225955281226, 0.2143195328487406, 0.9999999999999998]
cov:
- [4.483957823591284e-07, 1.4659109695640308e-07, 5.614486301528322e-08, 7.292941452343661e-09,
  -2.702741995752589e-07, 4.6393268628782794e-07, 2.2167949485556096e-09]
- [1.4659109695640308e-07, 2.764546433610403e-07, -3.985729673521561e-08, 7.156987877078167e-09,
  -3.8084579784640376e-08, -2.3945020237600087e-08, 4.694336451148323e-09]
- [5.614486301528322e-08, -3.985729673521561e-08, 1.4899115100195705e-07, 6.945439107311657e-08,
  -1.2512422601514514e-08, 2.475155684108724e-07, -6.485566819453622e-11]
- [7.292941452343661e-09, 7.156987877078167e-09, 6.945439107311657e-08, 8.114098949618807e-08,
  -5.0942726744882475e-08, 4.421642318453462e-08, 7.744863095619232e-09]
- [-2.702741995752589e-07, -3.8084579784640376e-08, -1.2512422601514514e-08, -5.0942726744882475e-08,
  0.0003841519468084664, -4.222441030742169e-07, -9.997338589654786e-08]
- [4.6393268628782794e-07, -2.3945020237600087e-08, 2.475155684108724e-07, 4.421642318453462e-08,
  -4.222441030742169e-07, 2.8533330926455984e-06, 8.911005712862164e-08]
- [2.2167949485556096e-09, 4.694336451148323e-09, -6.485566819453622e-11, 7.744863095619232e-09,
  -9.997338589654786e-08, 8.911005712862164e-08, 6.058672297299718e-08]
fka: 0.0669858548350813
fpi: 0.06039571072660064
key: [mpi, mka, fpi, fka, mN, ZAll, ZAls]
mN: 0.6437648294191317
mka: 0.3237002818292242
mpi: 0.18928352851145527
