ZAll: 0.9397162116371359
ZAls: 0.9451387913149882
corr:
- [1.0000000000000002, 0.5625956648723742, -0.11001744596558458, 0.026467602450836958,
  0.04060107166004344, -0.09486133250015431, 0.0003384808681954058]
- [0.5625956648723742, 1.0, -0.21185760687525768, 0.03968954766499247, 0.03212382434902455,
  -0.04967657312609918, 0.09193330131551919]
- [-0.11001744596558458, -0.21185760687525768, 1.0, 0.7475529240998253, 0.009926221581683728,
  0.047006252746837625, -0.013666742450886676]
- [0.026467602450836958, 0.03968954766499247, 0.7475529240998253, 0.9999999999999999,
  -0.013209317813161278, 0.0397208183026686, 0.02310985890783103]
- [0.04060107166004344, 0.03212382434902455, 0.009926221581683728, -0.013209317813161278,
  1.0, 0.0185507250183791, 0.0050174904862546315]
- [-0.09486133250015431, -0.04967657312609918, 0.047006252746837625, 0.0397208183026686,
  0.0185507250183791, 1.0, 0.313165859738123]
- [0.0003384808681954058, 0.09193330131551919, -0.013666742450886676, 0.02310985890783103,
  0.0050174904862546315, 0.313165859738123, 1.0000000000000002]
cov:
- [2.3469541435701477e-07, 1.552903918176302e-07, -2.09030467179623e-08, 4.306376009102189e-09,
  4.566797300278578e-07, -4.753756953041312e-08, 1.0195932697976469e-10]
- [1.552903918176302e-07, 3.246323567523825e-07, -4.7340811154181526e-08, 7.594813158037005e-09,
  4.2495709210229437e-07, -2.9278106218574172e-08, 3.256936489910155e-08]
- [-2.09030467179623e-08, -4.7340811154181526e-08, 1.5381243975273423e-07, 9.846518870028464e-08,
  9.038609689402544e-08, 1.906982961027483e-08, -3.332738760383334e-09]
- [4.306376009102189e-09, 7.594813158037005e-09, 9.846518870028464e-08, 1.1279506138421548e-07,
  -1.030024057930901e-07, 1.3799351594070706e-08, 4.825950557598482e-09]
- [4.566797300278578e-07, 4.2495709210229437e-07, 9.038609689402544e-08, -1.030024057930901e-07,
  0.0005390683987830121, 4.455313566883855e-07, 7.243509368026324e-08]
- [-4.753756953041312e-08, -2.9278106218574172e-08, 1.906982961027483e-08, 1.3799351594070706e-08,
  4.455313566883855e-07, 1.0700175515835286e-06, 2.0142361828435588e-07]
- [1.0195932697976469e-10, 3.256936489910155e-08, -3.332738760383334e-09, 4.825950557598482e-09,
  7.243509368026324e-08, 2.0142361828435588e-07, 3.8661710409508943e-07]
fka: 0.06830690572921826
fpi: 0.06152861631570125
key: [mpi, mka, fpi, fka, mN, ZAll, ZAls]
mN: 0.6493502496737902
mka: 0.3234475387239835
mpi: 0.18834997868469783
