ZAll: 0.8928155549150008
ZAls: 0.9012383646407841
corr:
- [0.9999999999999999, 0.35768648658451946, 0.017433878749960965, 0.04988860272471982,
  -0.044631723757511434, -0.10700147315667156, 0.04690127154479677]
- [0.35768648658451946, 1.0, -0.06750606143298016, 0.025414585695131386, -0.0058142559619663945,
  -0.10493998026961186, -0.04472265449084909]
- [0.017433878749960965, -0.06750606143298016, 1.0, 0.6927664214141903, -0.011801153299055001,
  0.15846639705438068, -0.0008320903800457891]
- [0.04988860272471982, 0.025414585695131386, 0.6927664214141903, 0.9999999999999998,
  0.028594917273371028, 0.10416538112384997, 0.05892809819937057]
- [-0.044631723757511434, -0.0058142559619663945, -0.011801153299055001, 0.028594917273371028,
  1.0, -0.04294819068679269, 0.056474846603772666]
- [-0.10700147315667156, -0.10493998026961186, 0.15846639705438068, 0.10416538112384997,
  -0.04294819068679269, 0.9999999999999999, 0.3042620305689143]
- [0.04690127154479677, -0.04472265449084909, -0.0008320903800457891, 0.05892809819937057,
  0.056474846603772666, 0.3042620305689143, 0.9999999999999999]
cov:
- [2.0746732866584928e-07, 8.048028039029064e-08, 4.40168131525069e-09, 1.1384582619614327e-08,
  -6.612025752211065e-07, -8.656734025262738e-08, 9.637153279566753e-09]
- [8.048028039029064e-08, 2.440193022382485e-07, -1.8484366808285802e-08, 6.289788469070155e-09,
  -9.341621264679381e-08, -9.20751697991463e-08, -9.966185246912155e-09]
- [4.40168131525069e-09, -1.8484366808285802e-08, 3.0725533667468534e-07, 1.9238777048962472e-07,
  -2.127601010074317e-07, 1.560185943940656e-07, -2.0807002072035755e-10]
- [1.1384582619614327e-08, 6.289788469070155e-09, 1.9238777048962472e-07, 2.5100468662430126e-07,
  4.6595693313611747e-07, 9.269446072963771e-08, 1.331841773153651e-08]
- [-6.612025752211065e-07, -9.341621264679381e-08, -2.127601010074317e-07, 4.6595693313611747e-07,
  0.0010578693562230716, -2.4811347471804305e-06, 8.286294614946519e-07]
- [-8.656734025262738e-08, -9.20751697991463e-08, 1.560185943940656e-07, 9.269446072963771e-08,
  -2.4811347471804305e-06, 3.154851484216034e-06, 2.4379596361670967e-07]
- [9.637153279566753e-09, -9.966185246912155e-09, -2.0807002072035755e-10, 1.331841773153651e-08,
  8.286294614946519e-07, 2.4379596361670967e-07, 2.0350663997089504e-07]
fka: 0.06527321805947163
fpi: 0.056550959245143445
key: [mpi, mka, fpi, fka, mN, ZAll, ZAls]
mN: 0.6267827314444984
mka: 0.30893200747674016
mpi: 0.13261619006010986
