ZAll: 0.9603899904036651
ZAls: 0.9683583361739095
corr:
- [0.9999999999999998, 0.4077717132054865, -0.1844505861660253, 0.011365164530111806,
  -0.03407804982895061, 0.4689225862507338, 0.03398231084375925]
- [0.4077717132054865, 0.9999999999999999, -0.18033121252957643, 0.555598724882167,
  -0.1582326914557205, 0.08600236643024291, 0.3365081328272126]
- [-0.1844505861660253, -0.18033121252957643, 1.0, 0.3562409577085468, 0.016679436552781552,
  0.18749820630229322, 0.012487013997282252]
- [0.011365164530111806, 0.555598724882167, 0.3562409577085468, 1.0000000000000002,
  -0.15112930714700554, 0.08868614848302547, 0.40263921564764854]
- [-0.03407804982895061, -0.1582326914557205, 0.016679436552781552, -0.15112930714700554,
  1.0, -0.06814020269183141, 0.06484917181132083]
- [0.4689225862507338, 0.08600236643024291, 0.18749820630229322, 0.08868614848302547,
  -0.06814020269183141, 1.0, 0.20118979930168535]
- [0.03398231084375925, 0.3365081328272126, 0.012487013997282252, 0.40263921564764854,
  0.06484917181132083, 0.20118979930168535, 1.0000000000000002]
cov:
- [2.7028921868855577e-07, 1.4606972867651527e-07, -3.669929013779055e-08, 2.894892160880494e-09,
  -1.6999633679166345e-07, 4.4061392183468946e-07, 2.1543693536920443e-08]
- [1.4606972867651527e-07, 4.7474186393976623e-07, -4.755135872546165e-08, 1.8755658094305168e-07,
  -1.0461054109893895e-06, 1.0709812531892212e-07, 2.827334698287138e-07]
- [-3.669929013779055e-08, -4.755135872546165e-08, 1.4646252785787239e-07, 6.67958397271639e-08,
  6.124845053261523e-08, 1.2968898232782137e-07, 5.827398988368834e-09]
- [2.894892160880494e-09, 1.8755658094305168e-07, 6.67958397271639e-08, 2.40040544412121e-07,
  -7.104629925399866e-07, 7.85309404156132e-08, 2.40553270502299e-07]
- [-1.6999633679166345e-07, -1.0461054109893895e-06, 6.124845053261523e-08, -7.104629925399866e-07,
  9.206635214267954e-05, -1.1816710374932598e-06, 7.587658826746121e-07]
- [4.4061392183468946e-07, 1.0709812531892212e-07, 1.2968898232782137e-07, 7.85309404156132e-08,
  -1.1816710374932598e-06, 3.266520622280652e-06, 4.434059866983479e-07]
- [2.1543693536920443e-08, 2.827334698287138e-07, 5.827398988368834e-09, 2.40553270502299e-07,
  7.587658826746121e-07, 4.434059866983479e-07, 1.4869822549499942e-06]
fka: 0.0638989952047949
fpi: 0.05678252805555076
key: [mpi, mka, fpi, fka, mN, ZAll, ZAls]
mN: 0.6158093412779936
mka: 0.30839882260988943
mpi: 0.1337077047286968
