ZAll: 0.9514296556896072
ZAls: 0.9587145605804294
corr:
- [1.0000000000000002, 0.47059342506973834, -0.06502516814341844, 0.06532434926917931,
  -0.019560589590627613, 0.4961246869505812, 0.053419933203261535]
- [0.47059342506973834, 1.0, -0.162858995016468, 0.3998320432060693, -0.07786373081371485,
  0.09935120718931291, 0.2283654523156891]
- [-0.06502516814341844, -0.162858995016468, 0.9999999999999999, 0.41850093780904446,
  0.06794544567349402, 0.29955210046803143, 0.01193214575960083]
- [0.06532434926917931, 0.3998320432060693, 0.41850093780904446, 1.0, -0.10921890003500773,
  0.09606777487001615, 0.31912078289973644]
- [-0.019560589590627613, -0.07786373081371485, 0.06794544567349402, -0.10921890003500773,
  1.0000000000000002, -0.017580770812209726, 0.07591811276689478]
- [0.4961246869505812, 0.09935120718931291, 0.29955210046803143, 0.09606777487001615,
  -0.017580770812209726, 1.0, 0.17317709476729579]
- [0.053419933203261535, 0.2283654523156891, 0.01193214575960083, 0.31912078289973644,
  0.07591811276689478, 0.17317709476729579, 1.0]
cov:
- [2.802736746531491e-07, 1.5330733868244377e-07, -1.4085278498853837e-08, 1.4748109851748182e-08,
  -1.0432292844720933e-07, 6.126483939492048e-07, 3.714905476795045e-08]
- [1.5330733868244377e-07, 3.78662128239948e-07, -4.1004402412787415e-08, 1.0492371275837579e-07,
  -4.826894642390729e-07, 1.4260291129398464e-07, 1.84590613254191e-07]
- [-1.4085278498853837e-08, -4.1004402412787415e-08, 1.6741162097978174e-07, 7.302294670726159e-08,
  2.8006563790981825e-07, 2.85887046291208e-07, 6.413049973903313e-09]
- [1.4748109851748182e-08, 1.0492371275837579e-07, 7.302294670726159e-08, 1.8186127673337416e-07,
  -4.6921792107627065e-07, 9.55602235766187e-08, 1.7876334810629566e-07]
- [-1.0432292844720933e-07, -4.826894642390729e-07, 2.8006563790981825e-07, -4.6921792107627065e-07,
  0.00010148768582065508, -4.131177876786705e-07, 1.0046281702066233e-06]
- [6.126483939492048e-07, 1.4260291129398464e-07, 2.85887046291208e-07, 9.55602235766187e-08,
  -4.131177876786705e-07, 5.440748053688549e-06, 5.306070680467272e-07]
- [3.714905476795045e-08, 1.84590613254191e-07, 6.413049973903313e-09, 1.7876334810629566e-07,
  1.0046281702066233e-06, 5.306070680467272e-07, 1.725466560035107e-06]
fka: 0.06465666798197932
fpi: 0.05704946258252617
key: [mpi, mka, fpi, fka, mN, ZAll, ZAls]
mN: 0.6244020863076535
mka: 0.30966245169475337
mpi: 0.1347288443574815
