ZAll: 0.914642064574745
ZAls: 0.9228979875020381
corr:
- [1.0, 0.36423520944276466, -0.0013075317628782313, -0.002456642868453504, -0.03544738262604107,
  -0.006077257793170545, 0.03777104856304519]
- [0.36423520944276466, 0.9999999999999999, -0.14040418502954918, -0.0017268801563924126,
  0.03232866080039253, -0.10501133210094447, -0.03580591284696495]
- [-0.0013075317628782313, -0.14040418502954918, 1.0, 0.6082436169785567, -0.12242659859714597,
  0.14171990404363632, -0.012891342562547606]
- [-0.002456642868453504, -0.0017268801563924126, 0.6082436169785567, 1.0, -0.11015477150184579,
  0.04616998811158328, 0.13208282663177678]
- [-0.03544738262604107, 0.03232866080039253, -0.12242659859714597, -0.11015477150184579,
  1.0000000000000002, -0.005732842044992224, 0.044376476855466945]
- [-0.006077257793170545, -0.10501133210094447, 0.14171990404363632, 0.04616998811158328,
  -0.005732842044992224, 1.0, 0.3051315961243786]
- [0.03777104856304519, -0.03580591284696495, -0.012891342562547606, 0.13208282663177678,
  0.044376476855466945, 0.3051315961243786, 1.0]
cov:
- [2.4429515193561716e-07, 8.49920537001874e-08, -2.9792181300726324e-10, -4.770535375252474e-10,
  -7.090640216915603e-07, -4.154540157086726e-09, 6.6985125079409134e-09]
- [8.49920537001874e-08, 2.2288351475229968e-07, -3.055706635113648e-08, -3.2030878001564813e-10,
  6.176899575826082e-07, -6.85698215512613e-08, -6.0653467077543895e-09]
- [-2.9792181300726324e-10, -3.055706635113648e-08, 2.1251288183002284e-07, 1.1016353434272548e-07,
  -2.284085023222056e-06, 9.036106848748687e-08, -2.1323215026133386e-09]
- [-4.770535375252474e-10, -3.2030878001564813e-10, 1.1016353434272548e-07, 1.54360202918532e-07,
  -1.7515189346154941e-06, 2.508911319009333e-08, 1.8619839445327124e-08]
- [-7.090640216915603e-07, 6.176899575826082e-07, -2.284085023222056e-06, -1.7515189346154941e-06,
  0.0016379012126577993, -3.209014695353946e-07, 6.444045213251841e-07]
- [-4.154540157086726e-09, -6.85698215512613e-08, 9.036106848748687e-08, 2.508911319009333e-08,
  -3.209014695353946e-07, 1.9130034595151456e-06, 1.5142827165109565e-07]
- [6.6985125079409134e-09, -6.0653467077543895e-09, -2.1323215026133386e-09, 1.8619839445327124e-08,
  6.444045213251841e-07, 1.5142827165109565e-07, 1.2874305603235867e-07]
fka: 0.06564880293872692
fpi: 0.057048138933588795
key: [mpi, mka, fpi, fka, mN, ZAll, ZAls]
mN: 0.5950679797781646
mka: 0.30991556322409886
mpi: 0.13351144699579243
