ZAll: 0.9384743309608705
ZAls: 0.9455228843250562
corr:
- [1.0, 0.36307040413328756, -0.06848747710694623, -0.050092805784549756, -0.06576380894462927,
  0.266686724857429, -0.057391426070889325]
- [0.36307040413328756, 0.9999999999999999, -0.16145177037384997, -0.016759010622089923,
  0.10299917959904788, -0.08760602624834854, -0.027569374627301205]
- [-0.06848747710694623, -0.16145177037384997, 1.0, 0.5980310129634308, 0.06216235125328834,
  0.20893859674330975, 0.012234505556171615]
- [-0.050092805784549756, -0.016759010622089923, 0.5980310129634308, 1.0, -0.01008262405566221,
  0.048273177106830045, 0.12150844307946183]
- [-0.06576380894462927, 0.10299917959904788, 0.06216235125328834, -0.01008262405566221,
  1.0, -0.13115179090569942, 0.03411251355079388]
- [0.266686724857429, -0.08760602624834854, 0.20893859674330975, 0.048273177106830045,
  -0.13115179090569942, 1.0, 0.23999346097887017]
- [-0.057391426070889325, -0.027569374627301205, 0.012234505556171615, 0.12150844307946183,
  0.03411251355079388, 0.23999346097887017, 0.9999999999999998]
cov:
- [2.6014949391097835e-07, 8.737368909809045e-08, -1.4926002427692907e-08, -8.600407721714024e-09,
  -3.7709241524121627e-07, 1.9770403051282438e-07, -7.707926765661974e-09]
- [8.737368909809045e-08, 2.2261614772883624e-07, -3.254932525739753e-08, -2.6616987315446386e-09,
  5.46338042973532e-07, -6.007792794631117e-08, -3.4251872377990225e-09]
- [-1.4926002427692907e-08, -3.254932525739753e-08, 1.8257516169150513e-07, 8.601550494850868e-08,
  2.986053781750761e-07, 1.2976039329316556e-07, 1.3765320899708038e-09]
- [-8.600407721714024e-09, -2.6616987315446386e-09, 8.601550494850868e-08, 1.133089929228602e-07,
  -3.815532081986208e-08, 2.361786877897725e-08, 1.0770049929856205e-08]
- [-3.7709241524121627e-07, 5.46338042973532e-07, 2.986053781750761e-07, -3.815532081986208e-08,
  0.00012638591910391203, -2.143019897976874e-06, 1.009815743917924e-07]
- [1.9770403051282438e-07, -6.007792794631117e-08, 1.2976039329316556e-07, 2.361786877897725e-08,
  -2.143019897976874e-06, 2.1125415777187596e-06, 9.185041272441252e-08]
- [-7.707926765661974e-09, -3.4251872377990225e-09, 1.3765320899708038e-09, 1.0770049929856205e-08,
  1.009815743917924e-07, 9.185041272441252e-08, 6.933589748401602e-08]
fka: 0.06542809163765359
fpi: 0.05718973420222931
key: [mpi, mka, fpi, fka, mN, ZAll, ZAls]
mN: 0.6324407390562392
mka: 0.309665869240953
mpi: 0.13424748898391833
