ZAll: 0.9307897020294368
ZAls: 0.934649090388104
corr:
- [1.0, 0.6022768149592855, 0.11491876903049845, 0.150584486275296, 0.07907425217846871,
  0.07095676086917437, 0.000909637486888261]
- [0.6022768149592855, 1.0, 0.12144334773678597, 0.33533055625391434, 0.02641978923081706,
  0.029289718234059597, 0.12150765262022091]
- [0.11491876903049845, 0.12144334773678597, 0.9999999999999999, 0.7168402487623926,
  -0.0038729489452570634, 0.16156792806182263, 0.07941228210531054]
- [0.150584486275296, 0.33533055625391434, 0.7168402487623926, 1.0, -0.07204122928723455,
  0.03289051010976507, 0.1225452412594285]
- [0.07907425217846871, 0.02641978923081706, -0.0038729489452570634, -0.07204122928723455,
  1.0, 0.002940981916941867, 0.008164479038832873]
- [0.07095676086917437, 0.029289718234059597, 0.16156792806182263, 0.03289051010976507,
  0.002940981916941867, 1.0000000000000002, 0.6089853975629107]
- [0.000909637486888261, 0.12150765262022091, 0.07941228210531054, 0.1225452412594285,
  0.008164479038832873, 0.6089853975629107, 0.9999999999999998]
cov:
- [7.126591452705659e-08, 4.808971228120762e-08, 9.145050171676545e-09, 1.3852870633401408e-08,
  4.5653439562057496e-07, 1.6879738812262717e-08, 6.354998167085083e-11]
- [4.808971228120762e-08, 8.946027002601754e-08, 1.082786989447739e-08, 3.4562635179636944e-08,
  1.7089994754232449e-07, 7.806588817315246e-09, 9.51097153513523e-09]
- [9.145050171676545e-09, 1.082786989447739e-08, 8.886042613492472e-08, 7.363684847461097e-08,
  -2.4968557125680153e-08, 4.291808745719773e-08, 6.195095721819077e-09]
- [1.3852870633401408e-08, 3.4562635179636944e-08, 7.363684847461097e-08, 1.1875098785126242e-07,
  -5.369047038275949e-07, 1.0099973485327417e-08, 1.1051499677277168e-08]
- [4.5653439562057496e-07, 1.7089994754232449e-07, -2.4968557125680153e-08, -5.369047038275949e-07,
  0.0004677297098766029, 5.66788254220532e-08, 4.6209588963120006e-08]
- [1.6879738812262717e-08, 7.806588817315246e-09, 4.291808745719773e-08, 1.0099973485327417e-08,
  5.66788254220532e-08, 7.940759045056255e-07, 1.4201821073244873e-07]
- [6.354998167085083e-11, 9.51097153513523e-09, 6.195095721819077e-09, 1.1051499677277168e-08,
  4.6209588963120006e-08, 1.4201821073244873e-07, 6.848765514955741e-08]
fka: 0.05020500099345766
fpi: 0.04406428660405463
key: [mpi, mka, fpi, fka, mN, ZAll, ZAls]
mN: 0.4859819097371099
mka: 0.24090146864784706
mpi: 0.14014291800893117
