ZAll: 0.9412511511844254
ZAls: 0.9444264990336314
corr:
- [0.9999999999999998, 0.5496751996865182, 0.09981787013492037, -0.017285005719940884,
  0.0661508928931247, 0.03932485666423453, 0.01620328679065443]
- [0.5496751996865182, 1.0, -0.10404712665311348, -0.008286172748831571, 0.08523507067410768,
  -0.030899546069173587, 0.11449158872770232]
- [0.09981787013492037, -0.10404712665311348, 1.0, 0.6323756881809414, -0.10387221742962174,
  0.1467688951344379, -0.04513612778399968]
- [-0.017285005719940884, -0.008286172748831571, 0.6323756881809414, 1.0000000000000002,
  -0.12698114632316168, 0.10150831614551269, 0.033789811328585384]
- [0.0661508928931247, 0.08523507067410768, -0.10387221742962174, -0.12698114632316168,
  1.0, -0.013365342148717398, 0.05702414726504517]
- [0.03932485666423453, -0.030899546069173587, 0.1467688951344379, 0.10150831614551269,
  -0.013365342148717398, 1.0, 0.5732900072855989]
- [0.01620328679065443, 0.11449158872770232, -0.04513612778399968, 0.033789811328585384,
  0.05702414726504517, 0.5732900072855989, 1.0000000000000002]
cov:
- [7.022452137672017e-08, 3.8042108436757675e-08, 6.958164253857245e-09, -1.063682548582e-09,
  3.4481498940923875e-07, 6.202760712463905e-09, 7.629511822687972e-10]
- [3.8042108436757675e-08, 6.820686441244872e-08, -7.148025897750111e-09, -5.025347958501519e-10,
  4.378631530943015e-07, -4.803299057083919e-09, 5.312963859587936e-09]
- [6.958164253857245e-09, -7.148025897750111e-09, 6.919647436937236e-08, 3.8629159708083296e-08,
  -5.374615728222145e-07, 2.2979971922371315e-08, -2.109674820454608e-09]
- [-1.063682548582e-09, -5.025347958501519e-10, 3.8629159708083296e-08, 5.392575383995265e-08,
  -5.800205596122984e-07, 1.4030502362812418e-08, 1.394225805592359e-09]
- [3.4481498940923875e-07, 4.378631530943015e-07, -5.374615728222145e-07, -5.800205596122984e-07,
  0.00038691187961519875, -1.5648027417807038e-07, 1.9930310707882773e-07]
- [6.202760712463905e-09, -4.803299057083919e-09, 2.2979971922371315e-08, 1.4030502362812418e-08,
  -1.5648027417807038e-07, 3.542802727426017e-07, 6.06313299453841e-08]
- [7.629511822687972e-10, 5.312963859587936e-09, -2.109674820454608e-09, 1.394225805592359e-09,
  1.9930310707882773e-07, 6.06313299453841e-08, 3.157173690181351e-08]
fka: 0.050868516628988926
fpi: 0.04486107808500558
key: [mpi, mka, fpi, fka, mN, ZAll, ZAls]
mN: 0.4901311891504037
mka: 0.2430325132256313
mpi: 0.1408044409843151
