ZAll: 0.9690180058602383
ZAls: 0.9725112755658547
corr:
- [1.0, 0.5641099305218729, -0.03528040075146797, 0.17342897183835546, 0.04714524449213974,
  0.06449987556597185, 0.11662028263097009]
- [0.5641099305218729, 1.0, -0.024688259723742032, 0.35923121394962615, 0.059667631835968356,
  -0.13087621033641197, 0.24366469189237536]
- [-0.03528040075146797, -0.024688259723742032, 1.0, 0.6355049854532345, -0.14285968342248667,
  0.0998357704587203, 0.008223096721750898]
- [0.17342897183835546, 0.35923121394962615, 0.6355049854532345, 1.0, -0.1225146872117448,
  -0.01282534307453863, 0.18481514583930217]
- [0.04714524449213974, 0.059667631835968356, -0.14285968342248667, -0.1225146872117448,
  1.0000000000000002, -0.08489302588960447, -0.046453846987586804]
- [0.06449987556597185, -0.13087621033641197, 0.0998357704587203, -0.01282534307453863,
  -0.08489302588960447, 1.0, 0.32051853763964194]
- [0.11662028263097009, 0.24366469189237536, 0.008223096721750898, 0.18481514583930217,
  -0.046453846987586804, 0.32051853763964194, 1.0]
cov:
- [7.946223033055669e-08, 5.1291761503233405e-08, -1.9691019272654293e-09, 1.2328732681070594e-08,
  1.831474894015402e-07, 7.372099119996589e-09, 5.122216856314444e-09]
- [5.1291761503233405e-08, 1.0404159170377436e-07, -1.576697154129428e-09, 2.9220925775781456e-08,
  2.6523143643117865e-07, -1.7116545489465186e-08, 1.2246150501595715e-08]
- [-1.9691019272654293e-09, -1.576697154129428e-09, 3.9202036129924505e-08, 3.173143300945312e-08,
  -3.898043648145266e-07, 8.014794654637425e-09, 2.536840759778224e-10]
- [1.2328732681070594e-08, 2.9220925775781456e-08, 3.173143300945312e-08, 6.359644253065834e-08,
  -4.2578197196689737e-07, -1.3114064527199186e-09, 7.262020436841689e-09]
- [1.831474894015402e-07, 2.6523143643117865e-07, -3.898043648145266e-07, -4.2578197196689737e-07,
  0.00018991768342726094, -4.743584370919759e-07, -9.97488467559079e-08]
- [7.372099119996589e-09, -1.7116545489465186e-08, 8.014794654637425e-09, -1.3114064527199186e-09,
  -4.743584370919759e-07, 1.6440076248018338e-07, 2.0249232289573906e-08]
- [5.122216856314444e-09, 1.2246150501595715e-08, 2.536840759778224e-10, 7.262020436841689e-09,
  -9.97488467559079e-08, 2.0249232289573906e-08, 2.427766934708721e-08]
fka: 0.049668273763852244
fpi: 0.044330933671100914
key: [mpi, mka, fpi, fka, mN, ZAll, ZAls]
mN: 0.4862234047093662
mka: 0.24084138776854197
mpi: 0.14012015801065583
