ZAll: 0.9625081577592618
ZAls: 0.966398673310059
corr:
- [0.9999999999999998, 0.5765634206215565, 0.049388900607981984, 0.19459950217066915,
  0.04116255190455842, 0.053353958612490086, 0.08795035786164693]
- [0.5765634206215565, 1.0000000000000002, 0.007926211234163401, 0.3665838281586022,
  0.05747010571686104, -0.11375739308645089, 0.2112345104448083]
- [0.049388900607981984, 0.007926211234163401, 0.9999999999999999, 0.6406698436874618,
  -0.12149448481780596, 0.177779713235131, 0.09293060388002214]
- [0.19459950217066915, 0.3665838281586022, 0.6406698436874618, 0.9999999999999998,
  -0.10803670556678974, 0.04946100564380405, 0.20383181070882953]
- [0.04116255190455842, 0.05747010571686104, -0.12149448481780596, -0.10803670556678974,
  1.0000000000000002, -0.06837513004159491, -0.04875394996305843]
- [0.053353958612490086, -0.11375739308645089, 0.177779713235131, 0.04946100564380405,
  -0.06837513004159491, 0.9999999999999999, 0.4116540829974725]
- [0.08795035786164693, 0.2112345104448083, 0.09293060388002214, 0.20383181070882953,
  -0.04875394996305843, 0.4116540829974725, 0.9999999999999999]
cov:
- [7.494066693609886e-08, 5.0242502928468364e-08, 2.853792945012804e-09, 1.399521893910033e-08,
  1.7364950496525272e-07, 6.9791009300865084e-09, 4.001328888197672e-09]
- [5.0242502928468364e-08, 1.013283120050037e-07, 5.325561082613585e-10, 3.0656170386874505e-08,
  2.819161016485406e-07, -1.7302907638915774e-08, 1.1174758294189246e-08]
- [2.853792945012804e-09, 5.325561082613585e-10, 4.4552148077609005e-08, 3.552612188777529e-08,
  -3.9518765482263283e-07, 1.793042485280656e-08, 3.2598749840771336e-09]
- [1.399521893910033e-08, 3.0656170386874505e-08, 3.552612188777529e-08, 6.901736750220959e-08,
  -4.373841177342178e-07, 6.208921826349109e-09, 8.89936499971639e-09]
- [1.7364950496525272e-07, 2.819161016485406e-07, -3.9518765482263283e-07, -4.373841177342178e-07,
  0.00023747886393735157, -5.034828724243297e-07, -1.2486196070708313e-07]
- [6.9791009300865084e-09, -1.7302907638915774e-08, 1.793042485280656e-08, 6.208921826349109e-09,
  -5.034828724243297e-07, 2.283221835547349e-07, 3.2689956575810724e-08]
- [4.001328888197672e-09, 1.1174758294189246e-08, 3.2598749840771336e-09, 8.89936499971639e-09,
  -1.2486196070708313e-07, 3.2689956575810724e-08, 2.761949436126015e-08]
fka: 0.049886655468526046
fpi: 0.04463227718603386
key: [mpi, mka, fpi, fka, mN, ZAll, ZAls]
mN: 0.4892313054897574
mka: 0.24179490492788316
mpi: 0.14063805164390783
